4616.865914
4526.704386
4461.536992
4461.536992
4461.536992
4461.536992
4642.459956
4987.142101
4461.536992
4724.748286
4461.536992
4568.489575
4568.489575
4706.997925
4506.857455
4955.656568
4627.764369
4584.069497
4472.982814
5171.552954
4461.536992
4461.536992
4579.637732
4791.475085
4909.672472
4535.446596
4461.536992
4461.536992
4563.261536
4568.191910
4599.129835
4500.597232
4526.704386
4526.704386
5108.752380
4568.489575
4658.702294
4492.474917
4461.536992
5319.573027
5171.101381
4810.897681
4734.419288
5181.415608
5291.475804
4500.597232
4550.100789
4461.536992
4861.165158
4592.201140
