4636.834475
4461.536992
4461.536992
4553.397751
5280.874126
4461.536992
4586.734332
5179.290425
4461.536992
4636.834475
4574.707358
4535.446596
4553.397751
4658.702294
4472.982814
4579.637732
4608.877860
4461.536992
4696.641023
4461.536992
4563.261536
4536.450977
4568.489575
4909.672472
4461.536992
4553.397751
4461.536992
4563.261536
5000.176543
5217.043742
4461.536992
4989.860834
5304.121134
4461.536992
4553.397751
4902.145876
4461.536992
4853.909074
4461.536992
4461.536992
4461.536992
4461.536992
4500.597232
4619.666617
4492.474917
4563.261536
4693.079347
4461.536992
5226.657158
4823.876493
