4360.398674
4360.398674
5221.725159
4410.179612
4360.398674
4392.778864
4360.398674
4360.398674
4360.398674
4360.398674
4890.755870
4392.778864
4719.969107
4410.179612
4360.398674
4516.560852
4502.040371
5372.777482
4467.053592
4410.179612
4370.530379
4542.563162
4688.608316
4410.179612
4434.529535
4459.347038
4502.040371
4449.629918
4360.398674
4392.778864
4430.883534
4410.179612
4410.179612
4520.114777
4430.883534
4410.179612
4520.114777
4449.629918
4360.398674
4360.398674
4360.398674
4449.629918
5628.438158
4360.398674
5170.169534
4453.331918
4931.103496
4449.629918
4707.614255
4360.398674
