4392.778864
4410.179612
4472.127571
4410.179612
4449.629918
4360.398674
4730.084937
4410.179612
4434.529535
4360.398674
4410.179612
4688.608316
4466.909725
4520.114777
4360.398674
4642.316682
4410.179612
4466.909725
4604.151184
4622.734760
4484.099982
4449.629918
4360.398674
5493.586828
4410.179612
4360.398674
4410.179612
4484.099982
4410.179612
4434.188842
4410.179612
4410.179612
4998.648152
5221.315092
4445.039742
4360.398674
4410.179612
4416.788094
4410.179612
4453.331918
4360.398674
5128.733548
4360.398674
4449.629918
4434.529535
4360.398674
4430.883534
4527.462779
4410.179612
5198.702200
