4606.557541
5297.931773
4461.536992
5102.636732
4675.299582
4514.600745
4468.607108
4930.846743
4461.536992
4495.028886
4451.430597
4800.739942
4461.536992
5132.692983
4461.312767
5255.584335
4524.915167
4514.600745
4621.369127
4461.536992
4673.946962
5663.485755
4587.635841
6025.537717
4461.536992
4514.600745
4461.312767
4461.312767
4545.538670
4563.261536
4538.609975
4421.030512
4461.536992
5515.238400
4460.090752
4451.430597
5320.650308
4514.600745
5001.808884
4655.053155
4552.539474
4706.997925
4461.536992
4515.481686
5110.347144
4655.734832
4696.454306
4551.433957
4461.536992
4421.030512
