5439.229512
5439.229512
5439.229512
5439.229512
5439.229512
5439.229512
5439.229512
5439.229512
5439.229512
5581.299308
5662.115275
5662.115275
5662.115275
5662.115275
5710.805322
5736.228245
5736.228245
5736.228245
5756.918229
5756.918229
5756.918229
5756.918229
5756.918229
5756.918229
5756.918229
5756.918229
5756.918229
5756.918229
5756.918229
5756.918229
5756.918229
5756.918229
5756.918229
5756.918229
5756.918229
5756.918229
5756.918229
5756.918229
5756.918229
5756.918229
5756.918229
5756.918229
5756.918229
5756.918229
5756.918229
5756.918229
5756.918229
5756.918229
5756.918229
5756.918229
5756.918229
5756.918229
5756.918229
5756.918229
5756.918229
5756.918229
5756.918229
5756.918229
5756.918229
5756.918229
5756.918229
5756.918229
5756.918229
5756.918229
5756.918229
5756.918229
5756.918229
5756.918229
5756.918229
5756.918229
5756.918229
5756.918229
5756.918229
5756.918229
5756.918229
5756.918229
5756.918229
5756.918229
5756.918229
5756.918229
5756.918229
5756.918229
5756.918229
5756.918229
5756.918229
5756.918229
5756.918229
5756.918229
5756.918229
5756.918229
5756.918229
5756.918229
5756.918229
5756.918229
5756.918229
5756.918229
5756.918229
5756.918229
5756.918229
5756.918229
