24 6 10 16 29 27 3 28 20 8 5 25 9 14 21 17 13 7 1 15 19 2 0 4 12 18 22 23 26 11 
11 24 10 16 29 27 3 5 25 9 19 8 15 1 20 28 7 13 17 21 14 2 0 4 12 18 22 26 23 6 
11 24 10 16 29 27 3 5 25 9 19 28 20 8 15 1 7 13 17 21 14 2 0 4 12 18 22 26 23 6 
6 24 10 16 29 27 3 28 20 8 5 25 9 19 15 1 7 13 17 21 14 0 2 4 12 18 22 26 23 11 
20 28 3 27 29 16 10 24 6 8 5 25 9 19 15 1 7 13 17 21 14 0 2 4 12 18 22 26 23 11 
6 26 23 27 16 29 3 28 20 8 5 9 19 15 1 7 13 17 21 14 2 0 4 25 12 18 22 10 24 11 
6 24 10 16 27 29 3 28 20 8 5 25 0 4 12 18 9 19 15 1 7 13 17 21 14 2 22 26 23 11 
6 24 10 16 27 29 3 28 20 8 5 25 9 19 15 1 7 13 17 21 14 2 0 4 12 22 18 26 23 11 
6 24 10 16 29 27 3 28 20 5 8 25 9 19 15 1 7 13 17 21 14 0 18 12 4 2 22 23 26 11 
6 24 10 16 29 27 3 5 25 9 19 15 1 8 20 28 7 13 17 21 14 0 18 12 4 2 22 23 26 11 
23 26 11 16 29 27 3 5 28 8 25 9 19 22 18 4 12 0 2 14 21 17 13 7 1 15 20 10 24 6 
6 24 16 29 10 27 3 28 20 8 5 25 9 12 4 0 2 14 21 17 13 7 1 15 19 18 22 23 26 11 
24 6 10 16 29 27 3 28 8 5 7 1 15 19 25 9 13 20 17 21 14 0 2 4 12 18 22 23 26 11 
6 16 24 10 29 27 3 28 20 8 7 1 15 19 9 25 5 13 17 21 2 14 0 4 12 18 22 23 26 11 
6 24 10 16 29 27 26 22 18 12 4 2 0 14 21 17 13 7 1 15 19 9 25 5 8 20 28 3 23 11 
6 24 10 16 29 27 3 5 25 9 19 15 1 8 28 7 13 17 18 12 4 0 2 14 21 20 22 23 26 11 
6 24 10 16 29 27 3 20 28 5 8 25 9 19 15 1 7 13 17 21 14 2 0 4 12 18 22 26 23 11 
6 24 10 16 29 27 3 28 20 5 8 25 9 19 15 1 7 13 17 21 14 0 2 4 12 18 22 26 23 11 
6 24 10 16 29 27 3 28 20 5 8 25 11 23 26 22 18 12 4 0 2 14 21 17 13 7 1 15 19 9 
0 24 10 16 29 27 3 28 20 8 5 25 9 19 15 1 7 13 17 21 14 2 4 12 18 22 6 23 26 11 
6 24 10 16 29 27 28 20 5 3 8 25 9 19 15 1 7 13 17 21 14 2 0 4 12 18 22 26 23 11 
6 16 24 10 3 27 29 28 20 8 5 25 9 19 15 1 7 17 21 14 0 2 4 12 18 13 22 23 26 11 
6 24 10 7 1 15 25 5 20 28 3 27 29 16 13 17 21 19 9 8 14 2 0 4 12 18 22 26 23 11 
6 24 10 16 29 27 3 28 20 8 5 25 9 19 15 1 7 13 17 21 14 2 0 4 12 18 22 26 23 11 
6 24 10 16 29 27 3 25 5 28 19 9 20 8 15 1 7 13 17 21 14 2 18 12 4 0 22 23 26 11 
24 6 10 16 29 27 3 28 20 8 5 25 19 9 1 7 13 15 17 21 14 0 2 4 12 18 22 23 26 11 
6 24 10 16 29 27 3 5 25 9 19 17 13 7 15 1 8 20 28 18 12 4 0 2 14 21 22 11 26 23 
6 16 24 10 3 27 29 28 20 8 5 25 9 19 15 1 7 13 17 21 14 2 0 4 12 18 22 23 26 11 
6 24 10 16 27 29 3 28 20 8 5 25 9 19 15 1 7 13 17 21 14 2 0 4 12 18 22 23 26 11 
6 24 10 16 27 29 3 28 20 8 5 15 1 19 9 25 7 13 17 21 14 0 2 4 12 18 22 23 26 11 
6 24 10 16 29 27 3 5 25 9 19 8 20 28 15 1 7 13 17 12 4 0 2 14 21 18 22 11 26 23 
6 24 23 22 10 16 29 27 3 5 25 8 9 19 15 1 7 13 17 21 14 2 0 4 12 18 20 28 26 11 
24 6 10 16 29 27 28 21 0 2 4 7 17 13 1 15 19 9 25 5 8 20 3 14 12 18 22 23 26 11 
6 24 10 16 29 27 3 28 20 8 11 26 23 9 19 15 1 13 17 21 14 0 2 4 12 18 22 7 25 5 
6 24 10 16 29 27 3 28 20 8 5 25 9 19 15 1 7 13 17 21 14 2 26 22 18 12 4 0 23 11 
6 24 10 16 29 27 3 28 20 8 5 1 15 19 9 25 7 13 17 21 14 2 0 4 12 18 23 26 22 11 
6 24 10 16 29 27 3 28 20 8 5 25 9 19 15 1 7 13 17 21 14 2 0 4 12 18 22 26 23 11 
6 23 11 22 18 26 12 4 0 2 28 20 8 5 25 9 19 15 1 7 13 17 21 14 3 27 29 16 10 24 
6 24 10 16 29 27 3 5 25 28 20 8 7 22 18 12 4 2 0 14 21 17 13 1 15 19 9 23 26 11 
6 24 10 16 29 27 3 28 20 5 8 25 9 19 15 1 7 13 17 21 14 2 0 4 12 18 22 26 23 11 
11 23 26 22 18 12 4 0 2 14 21 17 13 7 1 15 19 9 25 5 16 29 27 3 28 20 8 10 24 6 
6 24 10 16 29 27 3 28 20 5 8 25 9 19 15 1 7 13 17 18 12 4 0 2 14 21 22 23 26 11 
6 16 24 10 29 27 3 28 20 8 15 19 9 25 5 1 7 13 17 21 14 2 0 4 12 18 22 23 26 11 
6 24 10 16 29 27 3 8 20 28 5 25 9 19 15 1 7 17 21 14 13 2 0 4 12 18 22 26 23 11 
11 24 10 16 29 27 3 5 25 9 19 28 8 17 13 7 15 1 20 18 12 4 21 14 2 0 22 26 23 6 
29 6 24 10 16 13 7 17 21 14 2 0 4 12 1 15 19 9 25 5 8 20 28 3 27 18 22 23 26 11 
11 24 10 16 29 27 3 28 20 5 25 9 19 8 15 1 7 13 17 21 14 2 0 4 12 18 22 26 23 6 
6 29 24 10 16 27 3 28 20 8 5 15 1 19 9 25 7 13 17 21 14 2 0 4 12 18 22 26 23 11 
6 24 10 16 29 27 3 28 8 5 25 9 19 15 1 7 13 17 21 20 14 0 4 2 12 18 22 26 23 11 
24 6 10 16 29 27 28 20 5 3 8 25 9 19 15 1 7 13 17 21 14 2 0 4 12 18 22 26 23 11 
