4461.536992
4568.489575
4472.982814
4461.536992
4461.536992
4461.536992
4536.450977
4492.474917
4461.536992
4472.982814
4461.536992
4916.068310
4710.965336
5878.634942
4678.595092
4461.536992
4563.261536
4563.261536
4941.290694
4553.397751
4461.536992
5560.409443
4652.292812
5143.035638
4500.597232
4461.536992
4472.982814
4989.860834
4461.536992
4563.261536
5159.107042
4580.939568
4574.707358
4461.536992
4461.536992
4621.354888
4461.536992
4500.597232
4461.536992
5179.181078
4902.852684
5773.791827
4593.527379
4655.122295
4676.747349
4461.536992
4461.536992
4808.752573
4568.191910
4621.354888
