0 4 5 12 11 8 9 7 1 3 10 14 6 2 13 
0 4 5 12 11 8 9 7 1 3 10 14 6 2 13 
0 4 5 12 11 8 9 7 1 3 10 14 6 2 13 
0 4 5 12 11 8 9 7 1 3 10 14 6 2 13 
0 4 5 12 11 8 9 7 1 3 10 14 6 2 13 
0 4 5 12 11 8 9 7 1 3 10 14 6 2 13 
0 4 5 12 11 8 9 7 1 3 10 14 6 2 13 
0 4 5 12 11 8 9 7 1 3 10 14 6 2 13 
0 4 5 12 11 8 9 7 1 3 10 14 6 2 13 
0 4 5 12 11 8 9 7 1 3 10 14 6 2 13 
0 4 5 12 11 8 9 7 1 3 10 14 6 2 13 
0 4 5 12 11 8 9 7 1 3 10 14 6 2 13 
0 4 5 12 11 8 9 7 1 3 10 14 6 2 13 
0 4 5 12 11 8 9 7 1 3 10 14 6 2 13 
0 4 5 12 11 8 9 7 1 3 10 14 6 2 13 
0 4 5 12 11 8 9 7 1 3 10 14 6 2 13 
0 4 5 12 11 8 9 7 1 3 10 14 6 2 13 
0 4 5 12 11 8 9 7 1 3 10 14 6 2 13 
0 4 5 12 11 8 9 7 1 3 10 14 6 2 13 
0 4 5 12 11 8 9 7 1 3 10 14 6 2 13 
0 4 5 12 11 8 9 7 1 3 10 14 6 2 13 
0 4 5 12 11 8 9 7 1 3 10 14 6 2 13 
0 4 5 12 11 8 9 7 1 3 10 14 6 2 13 
0 4 5 12 11 8 9 7 1 3 10 14 6 2 13 
0 4 5 12 11 8 9 7 1 3 10 14 6 2 13 
0 4 5 12 11 8 9 7 1 3 10 14 6 2 13 
0 4 5 12 11 8 9 7 1 3 10 14 6 2 13 
0 4 5 12 11 8 9 7 1 3 10 14 6 2 13 
0 4 5 12 11 8 9 7 1 3 10 14 6 2 13 
0 4 5 12 11 8 9 7 1 3 10 14 6 2 13 
0 4 5 12 11 8 9 7 1 3 10 14 6 2 13 
0 4 5 12 11 8 9 7 1 3 10 14 6 2 13 
0 4 5 12 11 8 9 7 1 3 10 14 6 2 13 
0 4 5 12 11 8 9 7 1 3 10 14 6 2 13 
0 4 5 12 11 8 9 7 1 3 10 14 6 2 13 
0 4 5 12 11 8 9 7 1 3 10 14 6 2 13 
0 4 5 12 11 8 9 7 1 3 10 14 6 2 13 
0 4 5 12 11 8 9 7 1 3 2 6 14 10 13 
0 4 5 12 11 8 9 7 1 3 2 6 14 10 13 
0 4 5 12 11 8 9 7 1 3 2 6 14 10 13 
0 4 5 12 11 8 9 7 1 3 14 6 10 2 13 
0 4 5 12 11 8 9 7 1 3 14 6 10 2 13 
0 4 5 12 11 8 9 7 1 3 14 6 10 2 13 
0 4 5 12 11 8 9 7 1 3 14 6 10 2 13 
0 4 5 12 11 8 9 7 1 3 14 6 10 2 13 
0 4 5 12 11 8 9 7 1 3 14 6 10 2 13 
0 4 5 12 11 8 9 7 1 3 14 6 10 2 13 
0 4 5 12 11 8 9 7 1 3 14 6 10 2 13 
0 4 5 12 11 8 9 7 1 3 14 6 10 2 13 
0 4 5 12 11 8 9 7 1 3 14 6 10 2 13 
0 4 5 12 11 8 9 7 1 3 14 6 10 2 13 
0 4 5 12 11 8 9 7 1 3 14 6 10 2 13 
0 4 5 12 11 8 9 7 1 3 14 6 10 2 13 
0 4 5 12 11 8 9 7 1 3 14 6 10 2 13 
0 4 5 12 11 8 9 7 1 3 6 10 14 2 13 
0 4 5 12 11 8 9 7 1 3 10 6 14 2 13 
0 4 5 12 11 8 9 7 1 3 10 6 14 2 13 
0 4 5 12 11 8 9 7 1 3 10 6 14 2 13 
0 4 5 12 11 8 9 7 1 3 10 6 14 2 13 
0 4 5 12 11 8 9 7 1 3 10 6 14 2 13 
0 4 5 12 11 8 9 7 1 3 10 6 14 2 13 
0 4 5 12 11 8 9 7 1 3 10 6 14 2 13 
0 4 5 12 11 8 9 7 1 3 10 6 14 2 13 
0 4 5 12 11 8 9 7 1 3 10 6 14 2 13 
0 4 5 12 11 8 9 7 1 3 10 6 14 2 13 
0 4 5 12 11 8 9 7 1 3 10 6 14 2 13 
0 4 5 12 11 8 9 7 1 3 10 6 14 2 13 
0 4 5 12 11 8 9 7 1 3 10 6 14 2 13 
0 4 5 12 11 8 9 7 1 3 10 6 14 2 13 
0 4 5 12 11 8 9 7 1 3 10 6 14 2 13 
0 4 5 12 11 8 9 7 1 3 10 6 14 2 13 
0 4 5 12 11 8 9 7 1 3 10 6 14 2 13 
0 4 5 12 11 8 9 7 1 3 10 6 14 2 13 
0 4 5 12 11 8 9 7 1 3 10 6 14 2 13 
0 4 5 12 11 8 9 7 1 3 10 6 14 2 13 
0 4 5 12 11 8 9 7 1 3 10 6 14 2 13 
0 4 5 12 11 8 9 7 1 3 10 6 14 2 13 
0 4 5 12 11 8 9 7 1 3 10 6 14 2 13 
0 4 5 12 11 8 9 7 1 3 10 6 14 2 13 
0 4 5 12 11 8 9 7 1 3 10 6 14 2 13 
0 4 5 12 11 8 9 7 1 3 10 6 14 2 13 
0 4 5 12 11 8 9 7 1 3 10 6 14 2 13 
0 4 5 12 11 8 9 7 1 3 10 6 14 2 13 
0 4 5 12 11 8 9 7 1 3 10 6 14 2 13 
0 4 5 12 11 8 9 7 1 3 10 6 14 2 13 
0 4 5 12 11 8 9 7 1 3 10 6 14 2 13 
0 4 5 12 11 8 9 7 1 3 10 6 14 2 13 
0 4 5 12 11 8 9 7 1 3 10 6 14 2 13 
0 4 5 12 11 8 9 7 1 3 10 6 14 2 13 
0 4 5 12 11 8 9 7 1 3 10 6 14 2 13 
0 4 5 12 11 8 9 7 1 3 10 6 14 2 13 
0 4 5 12 11 8 9 7 1 3 10 6 14 2 13 
0 4 5 12 11 8 9 7 1 3 10 6 14 2 13 
0 4 5 12 11 8 9 7 1 3 10 6 14 2 13 
0 4 5 12 11 8 9 7 1 3 10 6 14 2 13 
0 4 5 12 11 8 9 7 1 3 10 6 14 2 13 
0 4 5 12 11 8 9 7 1 3 10 6 14 2 13 
0 4 5 12 11 8 9 7 1 3 10 6 14 2 13 
0 4 5 12 11 8 9 7 1 3 10 6 14 2 13 
0 4 5 12 11 8 9 7 1 3 10 6 14 2 13 
