5939.764046
6287.232024
6287.232024
6287.232024
6287.232024
6287.232024
6287.232024
6287.232024
6287.232024
6287.232024
6287.232024
6287.232024
6287.232024
6287.232024
6287.232024
6287.232024
6287.232024
6287.232024
6287.232024
6287.232024
6287.232024
6287.232024
6287.232024
6287.232024
6287.232024
6287.232024
6287.232024
6287.232024
6287.232024
6287.232024
6287.232024
6287.232024
6287.232024
6287.232024
6287.232024
6287.232024
6287.232024
6287.232024
6287.232024
6287.232024
6287.232024
6287.232024
6287.232024
6287.232024
6287.232024
6287.232024
6287.232024
6287.232024
6287.232024
6287.232024
6287.232024
6287.232024
6287.232024
6287.232024
6287.232024
6317.990911
6317.990911
6317.990911
6379.314641
6473.613194
6473.613194
6473.613194
6473.613194
6473.613194
6473.613194
6473.613194
6473.613194
6473.613194
6473.613194
6473.613194
6473.613194
6473.613194
6473.613194
6473.613194
6473.613194
6473.613194
6473.613194
6473.613194
6473.613194
6473.613194
6473.613194
6473.613194
6473.613194
6473.613194
6473.613194
6473.613194
6473.613194
6473.613194
6473.613194
6473.613194
6473.613194
6473.613194
6473.613194
6473.613194
6473.613194
6473.613194
6473.613194
6473.613194
6473.613194
6473.613194
