0 4 5 12 11 8 7 9 1 3 10 6 14 13 2 
0 8 11 4 5 6 14 2 12 10 3 13 9 1 7 
0 7 8 11 9 1 10 12 5 6 2 14 13 4 3 
0 6 5 12 11 8 7 9 1 3 10 2 14 13 4 
0 3 9 8 11 14 10 2 6 4 13 1 7 12 5 
0 3 9 8 11 14 10 2 6 4 13 1 7 12 5 
0 3 9 8 11 14 10 2 6 4 13 1 7 12 5 
0 3 9 8 11 14 10 2 6 4 13 1 7 12 5 
0 3 9 8 11 14 10 2 6 4 13 1 7 12 5 
0 3 9 8 11 14 10 2 6 4 13 1 7 12 5 
0 3 9 8 11 14 10 2 6 4 13 1 7 12 5 
0 3 9 8 11 14 10 2 6 4 13 1 7 12 5 
0 3 9 8 11 14 10 2 6 4 13 1 7 12 5 
0 3 9 8 11 14 10 2 6 4 13 1 7 12 5 
0 3 9 8 11 14 10 2 6 4 13 1 7 12 5 
0 3 9 8 11 14 10 2 6 4 13 1 7 12 5 
0 3 9 8 11 14 10 2 6 4 13 1 7 12 5 
0 3 9 8 11 14 10 2 6 4 13 1 7 12 5 
0 3 9 8 11 14 10 2 6 4 13 1 7 12 5 
0 3 9 8 11 14 10 2 6 4 13 1 7 12 5 
0 3 9 8 11 14 10 2 6 4 13 1 7 12 5 
0 3 9 8 11 14 10 2 6 4 13 1 7 12 5 
0 3 9 8 11 14 10 2 6 4 13 1 7 12 5 
0 3 9 8 11 14 10 2 6 4 13 1 7 12 5 
0 3 9 8 11 14 10 2 6 4 13 1 7 12 5 
0 3 9 8 11 14 10 2 6 4 13 1 7 12 5 
0 3 9 8 11 14 10 2 6 4 13 1 7 12 5 
0 3 9 8 11 14 10 2 6 4 13 1 7 12 5 
0 3 9 8 11 14 10 2 6 4 13 1 7 12 5 
0 3 9 8 11 14 10 2 6 4 13 1 7 12 5 
0 3 9 8 11 14 10 2 6 4 13 1 7 12 5 
0 3 9 8 11 14 10 2 6 4 13 1 7 12 5 
0 3 9 8 11 14 10 2 6 4 13 1 7 12 5 
0 3 9 8 11 14 10 2 6 4 13 1 7 12 5 
0 3 9 8 11 14 10 2 6 4 13 1 7 12 5 
0 3 9 8 11 14 10 2 6 4 13 1 7 12 5 
0 3 9 8 11 14 10 2 6 4 13 1 7 12 5 
0 3 9 8 11 14 10 2 6 4 13 1 7 12 5 
0 3 9 8 11 14 10 2 6 4 13 1 7 12 5 
0 3 9 8 11 14 10 2 6 4 13 1 7 12 5 
0 3 9 8 11 14 10 2 6 4 13 1 7 12 5 
0 3 9 8 11 14 10 2 6 4 13 1 7 12 5 
0 3 9 8 11 14 10 2 6 4 13 1 7 12 5 
0 3 9 8 11 14 10 2 6 4 13 1 7 12 5 
0 3 9 8 11 14 10 2 6 4 13 1 7 12 5 
0 8 11 7 9 1 10 12 5 6 2 14 13 4 3 
0 8 11 7 9 1 10 12 5 6 2 14 13 4 3 
0 8 11 7 9 1 10 12 5 6 2 14 13 4 3 
0 8 11 7 9 1 10 12 5 6 2 14 13 4 3 
0 8 11 7 9 1 10 12 5 6 2 14 13 4 3 
0 8 11 7 9 1 10 12 5 6 2 14 13 4 3 
0 8 11 7 9 1 10 12 5 6 2 14 13 4 3 
0 8 11 7 9 1 10 12 5 6 2 14 13 4 3 
0 8 11 7 9 1 10 12 5 6 2 14 13 4 3 
0 8 11 7 9 1 10 12 5 6 2 14 13 4 3 
0 8 11 7 9 1 10 12 5 6 2 14 13 4 3 
0 8 11 7 9 1 10 12 5 6 2 14 13 4 3 
0 8 11 7 9 1 10 12 5 6 2 14 13 4 3 
0 8 11 7 9 1 10 12 5 6 2 14 13 4 3 
0 8 11 7 9 1 10 12 5 6 2 14 13 4 3 
0 8 11 7 9 1 10 12 5 6 2 14 13 4 3 
0 8 11 7 9 1 10 12 5 6 2 14 13 4 3 
0 8 11 7 9 1 10 12 5 6 2 14 13 4 3 
0 8 11 7 9 1 10 12 5 6 2 14 13 4 3 
0 8 11 7 9 1 10 12 5 6 2 14 13 4 3 
0 8 11 7 9 1 10 12 5 6 2 14 13 4 3 
0 8 11 7 9 1 10 12 5 6 2 14 13 4 3 
0 8 11 7 9 1 10 12 5 6 2 14 13 4 3 
0 8 11 7 9 1 10 12 5 6 2 14 13 4 3 
0 8 11 7 9 1 10 12 5 6 2 14 13 4 3 
0 8 11 7 9 1 10 12 5 6 2 14 13 4 3 
0 8 11 7 9 1 10 12 5 6 2 14 13 4 3 
0 8 11 7 9 1 10 12 5 6 2 14 13 4 3 
0 8 11 7 9 1 10 12 5 6 2 14 13 4 3 
0 8 11 7 9 1 10 12 5 6 2 14 13 4 3 
0 8 11 7 9 1 10 12 5 6 2 14 13 4 3 
0 8 11 7 9 1 10 12 5 6 2 14 13 4 3 
0 8 11 7 9 1 10 12 5 6 2 14 13 4 3 
0 8 11 7 9 1 10 12 5 6 2 14 13 4 3 
0 8 11 7 9 1 10 12 5 6 2 14 13 4 3 
0 8 11 7 9 1 10 12 5 6 2 14 13 4 3 
0 8 11 7 9 1 10 12 5 6 2 14 13 4 3 
0 8 11 7 9 1 10 12 5 6 2 14 13 4 3 
0 8 11 7 9 1 10 12 5 6 2 14 13 4 3 
0 8 11 7 9 1 10 12 5 6 2 14 13 4 3 
0 8 11 7 9 1 10 12 5 6 2 14 13 4 3 
0 8 11 7 9 1 10 12 5 6 2 14 13 4 3 
0 8 11 7 9 1 10 12 5 6 2 14 13 4 3 
0 8 11 7 9 1 10 12 5 6 2 14 13 4 3 
0 8 11 7 9 1 10 12 5 6 2 4 14 13 3 
0 6 5 12 11 8 7 9 1 3 10 14 13 4 2 
0 7 8 11 10 1 9 12 5 6 2 14 13 4 3 
0 7 8 11 10 2 6 14 1 9 3 13 5 12 4 
0 6 5 12 11 8 7 9 1 3 10 4 14 13 2 
0 6 5 12 11 8 7 9 1 3 10 4 14 13 2 
0 6 5 12 11 8 7 9 1 3 10 4 14 13 2 
0 6 5 12 11 8 7 9 1 3 10 4 14 13 2 
0 6 5 12 11 8 7 9 1 3 10 4 14 13 2 
0 6 5 12 11 8 7 9 1 3 10 4 14 13 2 
0 6 5 12 11 8 7 9 1 3 10 4 14 13 2 
