4622.624861
4622.624861
4622.624861
4622.624861
4622.624861
4622.624861
4622.624861
4622.624861
4622.624861
4622.624861
4622.624861
4622.624861
4622.624861
4622.624861
4622.624861
4622.624861
4622.624861
4622.624861
4622.624861
4622.624861
4622.624861
4622.624861
4622.624861
4622.624861
4622.624861
4622.624861
4622.624861
4622.624861
4622.624861
4622.624861
4622.624861
4622.624861
4622.624861
4622.624861
4622.624861
4622.624861
4622.624861
4622.624861
4622.624861
4622.624861
4622.624861
4622.624861
4622.624861
4622.624861
4622.624861
4622.624861
4622.624861
4622.624861
4622.624861
4622.624861
4622.624861
4622.624861
4622.624861
4622.624861
4622.624861
4622.624861
4622.624861
4622.624861
4622.624861
4622.624861
4622.624861
4622.624861
4622.624861
4622.624861
4622.624861
4622.624861
4622.624861
4622.624861
4622.624861
4622.624861
4622.624861
4622.624861
4622.624861
4622.624861
4622.624861
4622.624861
4622.624861
4622.624861
4622.624861
4622.624861
4622.624861
4622.624861
4622.624861
4622.624861
4622.624861
4622.624861
4666.256043
4734.682819
4734.682819
4734.682819
4734.682819
4734.682819
4734.682819
4734.682819
4734.682819
4734.682819
4734.682819
4734.682819
4734.682819
4734.682819
