4360.398674
4459.347038
4410.179612
5868.096034
4434.529535
4449.629918
4719.969107
5018.930263
4360.398674
4527.380455
5270.530342
5045.598100
4410.179612
4430.883534
4612.622819
4360.398674
4430.717593
4360.398674
4645.456015
4360.398674
4688.608316
4707.614255
4430.883534
5128.319273
4360.398674
4920.943329
4392.778864
4360.398674
4410.179612
4917.361964
4360.398674
4452.259434
4410.179612
4688.608316
4410.179612
4449.629918
4952.380558
4449.629918
4917.361964
4360.398674
4360.398674
4360.398674
4392.778864
4594.472049
4370.530379
4392.778864
4528.690847
4360.398674
4392.778864
4520.114777
