4616.403602
4500.597232
4472.982814
4461.536992
4746.564231
4675.144493
4933.681702
4649.873194
4830.535325
4492.474917
4461.536992
4568.191910
4631.660073
4472.982814
4627.764369
4746.266566
4461.536992
4788.910370
4461.536992
5133.314759
4526.704386
4810.897681
4461.536992
4568.489575
4485.546222
4627.423937
4461.536992
4500.597232
5291.730647
4461.536992
4689.599309
4942.204122
4862.723324
4565.488890
4461.536992
5282.023531
5271.250465
5534.602752
4492.474917
4710.349553
4550.100789
4461.536992
4724.748286
5319.547413
4626.593452
5212.918109
4461.536992
4461.536992
5512.872084
4914.169044
