6 24 10 16 29 27 3 28 20 8 5 25 19 9 15 1 7 13 17 21 14 2 0 4 12 18 22 26 23 11 
6 24 10 16 29 27 3 28 20 8 5 25 9 19 15 1 7 13 17 21 14 0 2 4 12 18 22 26 23 11 
6 24 10 16 29 27 3 20 28 8 5 25 9 19 15 1 7 13 17 21 14 2 0 4 12 18 22 26 23 11 
6 24 10 16 29 27 3 28 20 8 5 25 9 19 15 1 7 13 17 21 14 2 0 4 12 18 22 26 23 11 
6 24 10 16 29 27 3 20 8 28 5 25 9 19 15 1 7 13 14 2 0 17 21 4 12 18 22 26 23 11 
6 24 10 16 29 27 3 20 8 28 5 25 9 19 15 1 7 13 17 21 14 2 0 4 12 18 22 23 26 11 
6 24 10 16 29 27 3 28 20 5 8 25 9 19 15 1 7 0 14 17 13 21 2 4 12 18 22 26 23 11 
6 24 10 16 29 27 3 20 8 5 25 28 9 1 15 19 7 13 17 21 14 2 0 4 12 18 22 26 23 11 
6 24 10 16 29 27 3 7 1 15 8 28 20 5 25 9 19 13 17 21 14 0 2 4 12 18 22 26 23 11 
6 24 10 29 16 27 3 28 20 8 5 25 9 19 15 1 7 13 17 21 14 2 0 4 12 18 22 26 23 11 
6 24 10 16 29 27 3 28 20 8 5 25 9 19 15 1 7 13 17 21 14 2 0 4 12 18 22 26 23 11 
6 24 10 16 29 27 3 28 20 8 5 25 9 19 15 1 7 13 17 21 14 2 0 4 12 18 22 23 26 11 
6 24 10 16 29 27 3 28 20 8 5 25 9 15 1 19 7 13 17 21 14 2 0 4 12 18 22 23 26 11 
6 24 10 16 29 27 3 20 28 8 5 25 9 19 15 1 7 13 17 21 14 2 0 4 12 18 22 26 23 11 
6 24 10 16 29 27 3 5 28 20 8 25 9 19 15 1 7 13 17 21 14 2 0 4 12 18 22 26 23 11 
6 24 10 16 29 27 3 28 20 8 5 25 9 19 15 1 7 13 14 2 0 17 21 4 12 18 22 23 26 11 
6 24 10 16 29 27 3 28 20 8 5 25 9 19 15 1 7 13 17 21 14 2 0 4 12 18 22 26 23 11 
6 24 10 16 29 27 3 20 28 8 5 25 9 19 15 1 7 13 17 21 14 2 12 18 0 4 22 26 23 11 
6 24 10 16 29 27 3 28 20 8 5 25 9 19 15 1 7 13 17 21 14 2 0 4 12 18 22 26 23 11 
24 10 6 29 16 27 3 28 20 8 5 25 9 19 15 1 7 13 17 21 14 2 0 4 12 22 18 23 26 11 
6 24 10 16 29 27 3 28 20 8 25 5 9 19 15 1 7 13 17 21 14 2 0 4 12 18 22 26 23 11 
6 24 10 29 16 27 3 5 25 28 20 8 9 19 15 1 7 13 17 21 14 2 0 4 12 18 22 23 26 11 
6 24 10 16 29 27 3 28 20 8 5 25 9 19 15 1 7 13 17 21 14 2 0 4 12 18 22 26 23 11 
6 24 10 16 29 27 3 20 8 28 5 25 9 19 15 1 7 13 17 21 14 2 0 4 12 18 22 26 23 11 
6 24 10 16 29 27 3 28 20 5 8 25 9 19 15 1 7 13 17 21 14 2 0 4 12 18 22 26 23 11 
6 24 10 16 29 27 3 28 20 8 5 25 9 19 15 1 7 13 17 21 4 0 2 14 12 18 22 26 23 11 
6 24 10 16 29 27 3 28 20 8 5 25 9 19 15 1 7 13 17 21 14 2 0 4 12 18 22 26 23 11 
6 24 10 16 29 27 3 28 20 8 5 25 9 19 15 1 7 13 17 21 14 0 2 4 12 18 22 26 23 11 
6 24 10 16 29 27 3 28 20 8 5 25 9 19 15 1 7 14 2 0 17 13 12 18 21 4 22 26 23 11 
6 24 10 16 29 27 3 28 20 8 5 25 9 19 15 1 7 13 17 21 14 2 0 4 12 18 22 26 23 11 
6 24 10 16 29 27 3 28 20 8 5 25 9 19 15 1 7 13 17 4 21 14 2 0 12 18 22 26 23 11 
11 23 26 22 2 4 12 18 0 14 21 17 13 7 1 15 25 9 19 8 5 20 28 3 27 29 16 10 24 6 
6 24 10 16 27 29 3 28 20 8 5 25 9 19 15 1 7 13 17 21 14 2 0 4 12 18 22 23 26 11 
11 23 26 22 18 12 4 0 2 14 21 17 13 25 9 19 7 1 15 8 5 20 28 3 27 29 16 10 24 6 
6 24 10 16 29 27 3 28 20 8 5 25 9 19 15 1 7 13 17 21 14 2 0 4 12 18 22 26 23 11 
6 24 10 16 29 27 3 28 20 5 25 9 19 8 15 1 7 12 4 0 2 14 21 17 13 18 22 26 23 11 
11 23 26 22 18 12 4 0 2 14 25 5 9 19 1 15 21 17 13 7 8 20 28 3 27 29 16 10 24 6 
6 24 10 16 29 27 3 28 0 2 14 17 13 20 5 8 25 9 19 15 1 7 21 4 12 18 22 23 26 11 
6 24 10 29 16 27 3 28 20 8 5 25 9 19 15 1 7 13 17 21 14 2 0 4 12 18 22 26 23 11 
6 24 10 16 29 27 3 5 8 20 28 25 9 19 15 1 7 13 17 21 14 2 0 4 12 18 22 23 26 11 
6 24 10 16 29 27 3 28 25 5 8 20 9 19 15 1 7 13 17 21 14 2 0 4 12 18 22 26 23 11 
6 24 10 16 29 27 3 28 20 8 5 25 9 19 15 1 7 13 17 21 14 2 0 4 12 18 22 26 23 11 
6 24 10 16 29 27 3 28 20 5 25 9 19 8 15 1 7 13 17 21 14 2 0 4 12 18 22 26 23 11 
6 24 10 16 29 13 27 3 28 20 8 5 25 9 19 15 1 7 17 21 14 2 0 4 12 18 22 26 23 11 
6 24 10 16 29 27 3 28 25 5 20 8 9 19 15 1 7 13 17 21 14 2 0 4 12 18 22 26 23 11 
6 24 10 16 29 27 3 28 20 19 15 1 7 13 17 21 14 9 25 5 8 0 2 4 12 18 22 26 23 11 
6 24 10 16 29 27 3 28 20 8 5 25 9 19 15 1 7 13 17 21 14 2 0 4 12 18 22 26 23 11 
6 24 10 16 29 27 3 28 20 8 5 25 9 19 15 1 7 13 17 21 14 2 0 4 12 18 22 26 23 11 
3 27 29 16 10 24 6 28 20 8 5 25 9 19 15 1 7 13 17 12 18 0 21 14 2 4 22 26 23 11 
24 6 10 16 27 29 3 28 20 8 25 5 9 19 15 1 7 13 17 21 14 2 0 4 12 18 22 26 23 11 
