4674.418641
4568.489575
4676.442263
4552.539474
4461.536992
4737.757831
4695.482948
4515.481686
4461.312767
4712.653459
4741.349575
4777.749869
5389.512060
4468.607108
4461.536992
4461.536992
4461.536992
4528.467926
4461.536992
4514.600745
4461.536992
4526.704386
4461.312767
4461.312767
4461.536992
4461.536992
4461.536992
4833.731646
4461.536992
4461.536992
4515.481686
4775.717136
4472.982814
5512.958425
5086.249463
5244.397180
4660.458313
4461.536992
4674.418641
4665.362666
4593.303154
4655.508564
4621.130663
4685.447155
4499.475721
5179.722893
4499.475721
4461.536992
4585.479851
4461.312767
