4756.376738
4756.376738
4756.376738
5253.850082
5253.850082
5253.850082
5253.850082
5253.850082
5253.850082
5253.850082
5253.850082
5253.850082
5253.850082
5253.850082
5253.850082
5253.850082
5253.850082
5253.850082
5253.850082
5253.850082
5253.850082
5253.850082
5253.850082
5253.850082
5253.850082
5253.850082
5253.850082
5253.850082
5253.850082
5253.850082
5253.850082
5253.850082
5253.850082
5253.850082
5253.850082
5253.850082
5253.850082
5253.850082
5253.850082
5253.850082
5253.850082
5253.850082
5253.850082
5253.850082
5253.850082
5253.850082
5253.850082
5253.850082
5253.850082
5253.850082
5253.850082
5253.850082
5253.850082
5253.850082
5253.850082
5253.850082
5253.850082
5253.850082
5253.850082
5253.850082
5253.850082
5253.850082
5253.850082
5291.011303
5291.011303
5291.011303
5291.011303
5291.011303
5335.823784
5335.823784
5335.823784
5335.823784
5335.823784
5335.823784
5335.823784
5335.823784
5335.823784
5335.823784
5335.823784
5335.823784
5335.823784
5335.823784
5335.823784
5335.823784
5335.823784
5335.823784
5335.823784
5336.894983
5354.695252
5354.695252
5354.695252
5354.695252
5354.695252
5354.695252
5354.695252
5354.695252
5354.695252
5354.695252
5354.695252
5354.695252
