4418.164732
4418.164732
4418.164732
4418.164732
4418.164732
4418.164732
4418.164732
4418.164732
4418.164732
4418.164732
4418.164732
4418.164732
4418.164732
4418.164732
4418.164732
4418.164732
4418.164732
4418.164732
4418.164732
4418.164732
4418.164732
4418.164732
4418.164732
4418.164732
4418.164732
4418.164732
4418.164732
4418.164732
4418.164732
4418.164732
4418.164732
4418.164732
4418.164732
4418.164732
4418.164732
4418.164732
4418.164732
4418.164732
4418.164732
4418.164732
4418.164732
4418.164732
4418.164732
4517.027064
4517.027064
4517.027064
4517.027064
4517.027064
4517.027064
4517.027064
4517.027064
4517.027064
4517.027064
4517.027064
4517.027064
4517.027064
4517.027064
4517.027064
4517.027064
4517.027064
4517.027064
4517.027064
4517.027064
4517.027064
4517.027064
4517.027064
4517.027064
4517.027064
4517.027064
4517.027064
4517.027064
4517.027064
4517.027064
4517.027064
4517.027064
4517.027064
4517.027064
4517.027064
4517.027064
4517.027064
4517.027064
4517.027064
4517.027064
4517.027064
4517.027064
4517.027064
4517.027064
4517.027064
4517.027064
4517.027064
4517.027064
4517.027064
4517.027064
4517.027064
4517.027064
4517.027064
4517.027064
4517.027064
4517.027064
4517.027064
