0 8 4 3 13 14 10 2 6 12 5 11 9 7 1 
0 8 4 3 13 14 10 2 6 12 5 11 9 7 1 
0 8 4 3 13 14 10 2 6 12 5 11 9 7 1 
0 8 4 3 13 14 10 2 6 12 5 11 9 7 1 
0 8 4 3 13 14 10 2 6 12 5 11 9 7 1 
0 8 4 3 13 14 10 2 6 12 5 11 9 7 1 
0 8 4 3 13 14 10 2 6 12 5 11 9 7 1 
0 8 4 3 13 14 10 2 6 12 5 11 9 7 1 
0 8 4 3 13 14 10 2 6 12 5 11 9 7 1 
0 8 4 3 13 14 10 2 6 12 5 11 9 7 1 
0 8 4 3 13 14 10 2 6 12 5 11 9 7 1 
0 8 4 3 13 14 10 2 6 12 5 11 9 7 1 
0 8 4 3 13 14 10 2 6 12 5 11 9 7 1 
0 8 4 3 13 14 10 2 6 12 5 11 9 7 1 
0 8 4 3 13 14 10 2 6 12 5 11 9 7 1 
0 8 4 3 13 14 10 2 6 12 5 11 9 7 1 
0 8 4 3 13 14 10 2 6 12 5 11 9 7 1 
0 8 4 3 13 14 10 2 6 12 5 11 9 7 1 
0 8 4 3 13 14 10 2 6 12 5 11 9 7 1 
0 8 4 3 13 14 10 2 6 12 5 11 9 7 1 
0 8 4 3 13 14 10 2 6 12 5 11 9 7 1 
0 8 4 3 13 14 10 2 6 12 5 11 9 7 1 
0 8 4 3 13 14 10 2 6 12 5 11 9 7 1 
0 8 4 3 13 14 10 2 6 12 5 11 9 7 1 
0 8 4 3 13 14 10 2 6 12 5 11 9 7 1 
0 8 4 3 13 14 10 2 6 12 5 11 9 7 1 
0 8 4 3 13 14 10 2 6 12 5 11 9 7 1 
0 8 4 3 13 14 10 2 6 12 5 11 9 7 1 
0 8 4 3 13 14 10 2 6 12 5 11 9 7 1 
0 8 4 3 13 14 10 2 6 12 5 11 9 7 1 
0 8 4 3 13 14 10 2 6 12 5 11 9 7 1 
0 8 4 3 13 14 10 2 6 12 5 11 9 7 1 
0 8 4 3 13 14 10 2 6 12 5 11 9 7 1 
0 8 4 3 13 14 10 2 6 12 5 11 9 7 1 
0 8 4 3 13 14 10 2 6 12 5 11 9 7 1 
0 8 4 3 13 14 10 2 6 12 5 11 9 7 1 
0 8 4 3 13 14 10 2 6 12 5 11 9 7 1 
0 8 4 3 13 14 10 2 6 12 5 11 9 7 1 
0 8 4 3 13 14 10 2 6 12 5 11 9 7 1 
0 8 4 3 13 14 10 2 6 12 5 11 9 7 1 
0 8 4 3 13 14 10 2 6 12 5 11 9 7 1 
0 8 4 3 13 14 10 2 6 12 5 11 9 7 1 
0 8 4 3 13 14 10 2 6 12 5 11 9 7 1 
0 8 4 3 13 14 10 2 6 12 5 11 9 7 1 
0 8 4 3 13 14 10 2 6 12 5 11 9 7 1 
0 8 4 3 13 14 10 2 6 12 5 11 9 7 1 
0 8 4 3 13 14 10 2 6 12 5 11 9 7 1 
0 8 4 3 13 14 10 2 6 12 5 11 9 7 1 
0 8 4 3 13 14 10 2 6 12 5 11 9 7 1 
0 8 4 3 13 14 10 2 6 12 5 11 9 7 1 
0 8 4 3 13 14 10 2 6 12 5 11 9 7 1 
0 8 4 3 13 14 10 2 6 12 5 11 9 7 1 
0 8 4 14 13 3 10 2 6 12 5 11 9 7 1 
0 8 4 14 13 3 10 2 6 12 5 11 9 7 1 
0 8 4 14 13 3 10 2 6 12 5 11 9 7 1 
0 8 4 14 13 3 10 2 6 12 5 11 9 7 1 
0 8 4 14 13 3 10 2 6 12 5 11 9 7 1 
0 8 4 14 13 3 10 2 6 12 5 11 9 7 1 
0 8 4 14 13 3 10 2 6 12 5 11 9 7 1 
0 8 4 14 13 3 10 2 6 12 5 11 9 7 1 
0 8 4 14 13 3 10 2 6 12 5 11 9 7 1 
0 8 4 14 13 3 10 2 6 12 5 11 9 7 1 
0 8 4 14 13 3 10 2 6 12 5 11 9 7 1 
0 8 4 14 13 3 10 2 6 12 5 11 9 7 1 
0 8 4 14 13 3 10 2 6 12 5 11 9 7 1 
0 8 4 14 13 3 10 2 6 12 5 11 9 7 1 
0 8 4 14 13 3 10 2 6 12 5 11 9 7 1 
0 8 4 14 13 3 10 2 6 12 5 11 9 7 1 
0 8 4 14 13 3 10 2 6 12 5 11 9 7 1 
0 8 4 14 13 3 10 2 6 12 5 11 9 7 1 
0 8 4 14 13 3 10 2 6 12 5 11 9 7 1 
0 8 4 14 13 3 10 2 6 12 5 11 9 7 1 
0 8 4 14 13 3 10 2 6 12 5 11 9 7 1 
0 8 4 14 13 3 10 2 6 12 5 11 9 7 1 
0 8 4 14 13 3 10 2 6 12 5 11 9 7 1 
0 8 4 14 13 3 10 2 6 12 5 11 9 7 1 
0 8 4 14 13 3 10 2 6 12 5 11 9 7 1 
0 8 4 14 13 3 10 2 6 12 5 11 9 7 1 
0 8 4 14 13 3 10 2 6 12 5 11 9 7 1 
0 8 4 14 13 3 10 2 6 12 5 11 9 7 1 
0 8 4 14 13 3 10 2 6 12 5 11 9 7 1 
0 8 4 14 13 3 10 2 6 12 5 11 9 7 1 
0 8 4 14 13 3 10 2 6 12 5 11 9 7 1 
0 8 4 14 13 3 10 2 6 12 5 11 9 7 1 
0 8 4 14 13 3 10 2 6 12 5 11 9 7 1 
0 8 4 14 13 3 10 2 6 12 5 11 9 7 1 
0 8 4 14 13 3 10 2 6 12 5 11 9 7 1 
0 8 4 14 13 3 10 2 6 12 5 11 9 7 1 
0 8 4 14 13 3 10 2 6 12 5 11 9 7 1 
0 8 4 14 13 3 10 2 6 12 5 11 9 7 1 
0 8 4 14 13 3 10 2 6 12 5 11 9 7 1 
0 8 4 14 13 3 10 2 6 12 5 11 9 7 1 
0 8 4 14 13 3 10 2 6 12 5 11 9 7 1 
0 8 4 14 13 3 10 2 6 12 5 11 9 7 1 
0 8 4 14 13 3 10 2 6 12 5 11 9 7 1 
0 8 4 14 13 3 10 2 6 12 5 11 9 7 1 
0 8 4 14 13 3 10 2 6 12 5 11 9 7 1 
0 8 4 14 13 3 10 2 6 12 5 11 9 7 1 
0 8 4 14 13 3 10 2 6 12 5 11 9 7 1 
0 8 4 14 13 3 10 2 6 12 5 11 9 7 1 
