4613.756538
4613.756538
4613.756538
4613.756538
4613.756538
4613.756538
4622.624861
4622.624861
4622.624861
4622.624861
4622.624861
4622.624861
4622.624861
4622.624861
4622.624861
4622.624861
4622.624861
4622.624861
4622.624861
4622.624861
4622.624861
4622.624861
4622.624861
4622.624861
4622.624861
4622.624861
4622.624861
4622.624861
4622.624861
4622.624861
4622.624861
4622.624861
4622.624861
4622.624861
4622.624861
4622.624861
4622.624861
4622.624861
4622.624861
4622.624861
4622.624861
4622.624861
4622.624861
4622.624861
4622.624861
4622.624861
4622.624861
4622.624861
4622.624861
4622.624861
4622.624861
4622.624861
4622.624861
4622.624861
4622.624861
4622.624861
4622.624861
4622.624861
4622.624861
4622.624861
4622.624861
4622.624861
4622.624861
4622.624861
4622.624861
4622.624861
4622.624861
4622.624861
4622.624861
4622.624861
4622.624861
4622.624861
4622.624861
4622.624861
4622.624861
4622.624861
4622.624861
4622.624861
4622.624861
4622.624861
4622.624861
4622.624861
4622.624861
4622.624861
4622.624861
4622.624861
4622.624861
4622.624861
4622.624861
4622.624861
4622.624861
4622.624861
4622.624861
4622.624861
4622.624861
4622.624861
4622.624861
4622.624861
4622.624861
4622.624861
