4517.027064
4517.027064
4517.027064
4517.027064
4517.027064
4557.790557
4557.790557
4557.790557
4557.790557
4557.790557
4557.790557
4557.790557
4557.790557
4557.790557
4557.790557
4557.790557
4557.790557
4557.790557
4557.790557
4557.790557
4557.790557
4557.790557
4557.790557
4557.790557
4557.790557
4557.790557
4557.790557
4557.790557
4557.790557
4557.790557
4557.790557
4557.790557
4557.790557
4557.790557
4557.790557
4557.790557
4557.790557
4557.790557
4557.790557
4557.790557
4557.790557
4557.790557
4557.790557
4557.790557
4557.790557
4557.790557
4557.790557
4557.790557
4557.790557
4557.790557
4557.790557
4557.790557
4557.790557
4557.790557
4557.790557
4557.790557
4557.790557
4557.790557
4557.790557
4557.790557
4557.790557
4557.790557
4557.790557
4557.790557
4557.790557
4557.790557
4557.790557
4557.790557
4557.790557
4557.790557
4557.790557
4557.790557
4557.790557
4557.790557
4557.790557
4557.790557
4557.790557
4557.790557
4557.790557
4557.790557
4557.790557
4557.790557
4557.790557
4557.790557
4557.790557
4557.790557
4557.790557
4557.790557
4557.790557
4557.790557
4557.790557
4557.790557
4557.790557
4557.790557
4557.790557
4557.790557
4557.790557
4557.790557
4557.790557
4557.790557
