5253.850082
5364.653006
5364.653006
5364.653006
5439.229512
5439.229512
5439.229512
5439.229512
5439.229512
5439.229512
5439.229512
5439.229512
5439.229512
5439.229512
5439.229512
5439.229512
5439.229512
5439.229512
5439.229512
5439.229512
5439.229512
5439.229512
5439.229512
5439.229512
5439.229512
5439.229512
5439.229512
5439.229512
5439.229512
5439.229512
5439.229512
5439.229512
5439.229512
5439.229512
5439.229512
5439.229512
5439.229512
5439.229512
5439.229512
5439.229512
5439.229512
5439.229512
5439.229512
5439.229512
5439.229512
5439.229512
5439.229512
5439.229512
5439.229512
5439.229512
5439.229512
5439.229512
5439.229512
5439.229512
5439.229512
5439.229512
5439.229512
5439.229512
5439.229512
5439.229512
5439.229512
5439.229512
5439.229512
5439.229512
5439.229512
5439.229512
5439.229512
5439.229512
5439.229512
5439.229512
5439.229512
5439.229512
5439.229512
5439.229512
5439.229512
5439.229512
5439.229512
5439.229512
5439.229512
5439.229512
5439.229512
5439.229512
5439.229512
5439.229512
5439.229512
5439.229512
5439.229512
5439.229512
5439.229512
5439.229512
5439.229512
5439.229512
5439.229512
5439.229512
5439.229512
5439.229512
5439.229512
5439.229512
5439.229512
5439.229512
