6 24 10 16 29 27 21 17 13 5 8 25 15 3 28 20 9 19 1 7 14 0 2 4 12 18 22 26 23 11 
11 24 10 16 29 27 3 28 20 8 5 25 9 19 15 1 7 13 17 21 14 0 2 4 12 18 26 22 23 6 
6 24 10 16 29 27 3 28 20 5 25 9 19 8 13 7 1 15 17 21 14 2 0 4 12 18 22 26 23 11 
6 24 10 29 16 27 3 28 20 8 5 25 9 19 15 1 7 13 17 21 14 2 0 4 12 18 22 23 26 11 
11 26 23 16 29 27 3 28 20 8 5 25 9 19 15 1 7 13 22 18 12 4 0 2 14 21 17 10 24 6 
6 24 10 16 29 27 3 5 25 8 20 28 9 19 15 1 7 13 17 21 14 0 2 4 12 18 22 26 23 11 
6 24 10 16 29 27 3 28 20 8 5 25 9 19 15 1 7 13 17 21 14 2 0 4 12 18 22 26 23 11 
6 24 10 16 27 29 3 28 20 8 5 25 9 19 15 1 7 13 17 21 14 2 0 4 12 18 22 23 26 11 
6 24 10 16 3 27 29 28 20 8 0 14 2 21 17 13 9 19 15 1 7 25 5 4 12 18 22 23 26 11 
11 24 10 16 29 27 3 28 20 8 5 25 9 19 15 1 7 13 17 21 14 0 2 4 12 22 18 26 23 6 
6 24 10 16 29 27 3 28 20 8 25 5 9 19 15 1 7 13 17 21 14 2 0 4 12 18 22 26 23 11 
6 24 10 16 27 29 3 28 20 8 5 25 9 19 15 1 7 13 17 4 0 2 14 21 12 18 22 26 23 11 
6 10 24 29 16 27 3 28 20 8 5 25 9 19 15 1 7 13 17 21 14 2 0 4 12 18 22 23 26 11 
24 6 10 16 29 27 3 5 25 28 20 8 7 1 15 19 9 13 17 12 18 0 14 21 4 2 22 23 26 11 
6 24 10 16 29 27 3 28 20 5 8 25 9 1 15 19 7 13 17 21 14 0 2 4 12 22 18 26 23 11 
6 24 10 16 29 27 3 5 25 28 20 8 9 19 15 1 7 13 17 21 14 0 2 4 12 22 18 26 23 11 
22 18 12 4 0 2 14 21 17 13 19 7 1 15 9 25 5 8 20 28 3 27 29 10 24 16 6 23 26 11 
11 24 10 16 29 27 3 25 9 8 5 20 28 19 15 1 7 13 17 21 14 2 0 4 22 18 12 23 26 6 
24 6 10 16 29 27 3 5 28 25 20 8 7 1 15 19 9 13 17 21 14 0 18 12 4 2 22 23 26 11 
6 24 10 16 29 27 3 28 20 8 5 25 9 19 15 1 7 13 17 21 14 2 0 4 12 18 22 26 23 11 
6 24 10 29 27 16 3 20 28 8 5 25 9 15 1 7 19 13 17 21 14 2 0 4 12 18 22 23 26 11 
24 6 10 16 5 20 28 3 27 29 8 25 9 19 15 1 7 13 17 21 14 0 18 12 4 2 22 23 26 11 
6 24 10 16 29 27 3 28 20 8 5 25 9 7 1 15 19 13 17 21 14 0 2 4 12 18 22 26 23 11 
6 24 10 16 29 27 3 28 20 5 25 9 19 8 15 1 7 13 17 21 14 0 2 4 12 18 22 26 23 11 
11 24 10 16 29 27 3 5 25 9 19 28 20 8 15 1 7 13 17 21 14 2 0 4 12 18 22 26 23 6 
6 24 10 16 29 27 28 20 5 3 8 25 9 19 15 1 7 13 17 21 14 2 0 4 12 18 22 26 23 11 
11 24 10 16 29 27 3 28 20 8 5 25 9 19 15 1 7 13 17 21 14 12 4 0 2 18 22 26 23 6 
11 26 23 22 18 12 4 28 20 8 5 25 9 19 15 1 7 0 2 14 21 17 13 3 27 29 16 10 24 6 
6 24 10 16 29 27 3 5 25 28 20 8 9 19 15 1 7 13 17 21 14 2 0 4 12 18 22 26 23 11 
6 24 10 16 29 27 3 28 20 8 5 25 9 19 15 1 7 13 17 21 14 2 0 4 12 18 22 23 26 11 
6 24 10 16 27 29 3 28 20 5 25 8 15 1 9 19 7 13 17 21 14 2 0 4 12 18 22 26 23 11 
6 24 10 16 29 27 3 28 20 5 8 25 9 19 15 1 7 13 17 21 2 14 0 4 12 18 22 26 23 11 
11 24 10 29 16 27 3 28 20 8 5 25 9 19 15 1 7 13 17 21 14 2 0 4 12 18 22 26 23 6 
6 23 26 22 18 5 7 1 15 19 9 25 8 13 17 21 14 2 0 4 12 20 28 3 27 29 16 10 24 11 
6 24 10 16 29 27 3 28 20 8 5 25 9 19 15 1 7 13 17 21 14 2 0 4 12 18 22 26 23 11 
6 24 10 29 16 27 3 28 20 8 5 25 9 19 15 1 7 13 17 21 14 2 0 4 12 18 22 23 26 11 
6 24 10 16 29 27 3 5 25 28 20 8 9 0 4 12 2 14 21 13 17 7 1 15 19 18 22 23 26 11 
6 23 26 22 18 12 4 0 20 5 2 14 21 17 13 8 25 9 19 15 1 7 28 3 27 29 16 10 24 11 
6 24 10 16 29 27 3 28 20 5 8 25 9 19 15 1 7 13 17 21 14 2 0 4 12 18 22 26 23 11 
6 24 10 16 27 29 3 28 20 8 5 25 9 19 15 1 7 13 17 21 14 2 0 4 12 18 22 26 23 11 
6 23 26 22 18 12 4 21 8 25 9 19 15 1 7 5 20 13 17 14 2 0 28 3 27 29 16 10 24 11 
6 24 10 16 29 27 3 28 20 5 8 25 9 12 4 0 22 18 2 13 14 21 17 7 1 15 19 23 26 11 
6 24 10 16 29 27 3 28 20 5 8 25 9 19 15 1 7 13 17 21 14 0 18 12 4 2 22 23 26 11 
6 24 10 16 3 27 29 28 20 8 5 25 7 1 15 19 9 13 17 21 2 14 0 4 12 18 22 23 26 11 
6 16 24 10 29 27 3 28 20 8 5 25 9 15 1 19 13 17 21 7 14 0 2 4 12 18 22 26 23 11 
11 24 10 16 27 29 3 28 20 8 25 5 9 19 15 1 7 13 17 21 14 0 2 4 12 18 22 26 23 6 
24 6 10 16 29 27 3 28 20 5 8 25 19 7 1 15 9 13 17 21 2 14 0 4 12 18 22 23 26 11 
11 16 29 27 3 28 20 8 5 25 9 19 15 1 7 13 17 21 14 2 0 4 12 18 22 23 26 10 6 24 
6 24 10 16 27 29 3 28 20 8 25 5 9 19 15 7 1 13 17 21 14 2 0 4 12 18 22 23 26 11 
11 24 10 16 29 27 3 28 20 8 5 7 13 17 1 15 19 25 9 21 14 2 0 4 12 18 22 26 23 6 
