4461.312767
4458.500713
4461.312767
4468.607108
4515.481686
4458.500713
4515.481686
4760.233462
5026.615236
5262.061655
4524.915167
4515.481686
4468.607108
4718.503803
4461.536992
4514.600745
4673.946962
4555.853092
4461.536992
4449.239852
4461.536992
4480.052930
4514.600745
4514.600745
4461.536992
4461.536992
4621.130663
4451.430597
4660.249447
5165.417281
4551.433957
4451.430597
4587.635841
4458.500713
4555.156425
5188.966743
4525.005155
4941.117252
4451.430597
4421.030512
4655.734832
4421.030512
4457.978474
4685.249543
4563.261536
4655.734832
4515.481686
5001.808884
4661.284548
4461.536992
