5510.038573
5465.871943
4485.546222
5744.765802
6266.455602
5584.854703
4991.854278
6756.947821
5456.012312
5934.713719
5843.827259
6204.506545
5702.654050
5433.403338
5883.193706
5599.565561
5849.334324
5164.421748
6101.222269
6805.253428
4461.536992
4990.835760
6137.443021
5707.883348
5989.771646
6561.657496
4859.389275
4950.901062
5773.103979
5926.579231
6500.657219
4884.065338
5253.799363
6738.291623
5955.481343
5183.580371
5195.743737
6275.909820
6058.957861
6044.259853
6642.890589
4461.536992
6449.960374
5872.068696
6765.937589
5710.349885
5596.970714
5284.054687
5993.400758
5829.752924
