0 4 5 12 11 8 7 9 1 3 10 6 14 2 13 
0 4 5 12 11 8 7 9 1 3 10 6 14 13 2 
0 4 5 12 11 8 7 9 1 3 10 6 14 13 2 
0 4 5 12 11 8 7 9 1 3 10 6 14 13 2 
0 4 5 12 11 8 7 9 1 3 10 6 14 13 2 
0 4 5 12 11 8 7 9 1 3 10 6 14 13 2 
0 4 5 12 11 8 7 9 1 3 10 6 14 13 2 
0 4 5 12 11 8 7 9 1 3 10 6 14 13 2 
0 4 5 12 11 8 7 9 1 3 10 6 14 13 2 
0 4 5 12 11 8 7 9 1 3 10 6 14 13 2 
0 4 5 12 11 8 7 9 1 3 10 6 14 13 2 
0 4 5 12 11 8 7 9 1 3 10 6 14 13 2 
0 4 5 12 11 8 7 9 1 3 10 6 14 13 2 
0 4 5 12 11 8 7 9 1 3 10 6 14 13 2 
0 4 5 12 11 8 7 9 1 3 10 6 14 13 2 
0 4 5 12 11 8 7 9 1 3 10 6 14 13 2 
0 8 11 4 5 6 14 2 12 10 3 13 9 1 7 
0 8 11 4 5 6 14 2 12 10 3 13 9 1 7 
0 8 11 4 5 6 14 2 12 10 3 13 9 1 7 
0 8 11 4 5 6 14 2 12 10 3 13 9 1 7 
0 8 11 4 5 6 14 2 12 10 3 13 9 1 7 
0 8 11 4 5 6 14 2 12 10 3 13 9 1 7 
0 8 11 4 5 6 14 2 12 10 3 13 9 1 7 
0 8 11 4 5 6 14 2 12 10 3 13 9 1 7 
0 8 11 4 5 6 14 2 12 10 3 13 9 1 7 
0 8 11 4 5 6 14 2 12 10 3 13 9 1 7 
0 8 11 4 5 6 14 2 12 10 3 13 9 1 7 
0 8 11 4 5 6 14 2 12 10 3 13 9 1 7 
0 7 8 11 9 1 10 12 5 6 2 14 13 4 3 
0 7 8 11 9 1 10 12 5 6 2 14 13 4 3 
0 7 8 11 9 1 10 12 5 6 2 14 13 4 3 
0 7 8 11 9 1 10 12 5 6 2 14 13 4 3 
0 7 8 11 9 1 10 12 5 6 2 14 13 4 3 
0 7 8 11 9 1 10 12 5 6 2 14 13 4 3 
0 7 8 11 9 1 10 12 5 6 2 14 13 4 3 
0 7 8 11 9 1 10 12 5 6 2 14 13 4 3 
0 7 8 11 9 1 10 12 5 6 2 14 13 4 3 
0 7 8 11 9 1 10 12 5 6 2 14 13 4 3 
0 7 8 11 9 1 10 12 5 6 2 14 13 4 3 
0 7 8 11 9 1 10 12 5 6 2 14 13 4 3 
0 7 8 11 9 1 10 12 5 6 2 14 13 4 3 
0 7 8 11 9 1 10 12 5 6 2 14 13 4 3 
0 7 8 11 9 1 10 12 5 6 2 14 13 4 3 
0 7 8 11 9 1 10 12 5 6 2 14 13 4 3 
0 7 8 11 9 1 10 12 5 6 2 14 13 4 3 
0 7 8 11 9 1 10 12 5 6 2 14 13 4 3 
0 7 8 11 9 1 10 12 5 6 2 14 13 4 3 
0 7 8 11 9 1 10 12 5 6 2 14 13 4 3 
0 7 8 11 9 1 10 12 5 6 2 14 13 4 3 
0 7 8 11 9 1 10 12 5 6 2 14 13 4 3 
0 7 8 11 9 1 10 12 5 6 2 14 13 4 3 
0 3 8 9 11 14 10 2 6 4 13 1 7 12 5 
0 3 8 9 11 14 10 2 6 4 13 1 7 12 5 
0 3 8 9 11 14 10 2 6 4 13 1 7 12 5 
0 6 5 12 11 8 7 9 1 3 10 2 14 13 4 
0 6 5 12 11 8 7 9 1 3 10 2 14 13 4 
0 6 5 12 11 8 7 9 1 3 10 2 14 13 4 
0 6 5 12 11 8 7 9 1 3 10 2 14 13 4 
0 6 5 12 11 8 7 9 1 3 10 2 14 13 4 
0 6 5 12 11 8 7 9 1 3 10 2 14 13 4 
0 6 5 12 11 8 7 9 1 3 10 2 14 13 4 
0 6 5 12 11 8 7 9 1 3 10 2 14 13 4 
0 6 5 12 11 8 7 9 1 3 10 2 14 13 4 
0 6 5 12 11 8 7 9 1 3 10 2 14 13 4 
0 6 5 12 11 8 7 9 1 3 10 2 14 13 4 
0 6 5 12 11 8 7 9 1 3 10 2 14 13 4 
0 6 5 12 11 8 7 9 1 3 10 2 14 13 4 
0 3 9 8 11 14 10 2 6 4 13 1 7 5 12 
0 3 9 8 11 14 10 2 6 4 13 1 7 5 12 
0 4 5 12 11 14 10 2 6 8 13 1 7 9 3 
0 3 9 8 11 14 10 2 6 12 5 1 13 4 7 
0 3 9 8 11 14 10 2 6 12 5 1 13 4 7 
0 3 9 8 11 14 10 2 6 12 5 1 13 4 7 
0 3 9 8 11 14 10 2 6 12 5 1 13 4 7 
0 6 5 12 11 8 7 9 1 4 13 10 14 2 3 
0 6 5 12 11 8 7 9 1 4 13 10 14 2 3 
0 6 5 12 11 8 7 9 1 4 13 10 14 2 3 
0 6 5 12 11 8 7 9 1 4 13 10 14 2 3 
0 3 9 8 11 14 10 2 12 6 5 13 4 1 7 
0 3 9 8 11 14 10 2 12 6 5 13 4 1 7 
0 3 9 8 11 14 10 2 12 6 5 13 4 1 7 
0 3 9 8 11 14 10 2 6 4 13 1 7 12 5 
0 3 9 8 11 14 10 2 6 4 13 1 7 12 5 
0 3 9 8 11 14 10 2 6 4 13 1 7 12 5 
0 3 9 8 11 14 10 2 6 4 13 1 7 12 5 
0 3 9 8 11 14 10 2 6 4 13 1 7 12 5 
0 3 9 8 11 14 10 2 6 4 13 1 7 12 5 
0 3 9 8 11 14 10 2 6 4 13 1 7 12 5 
0 3 9 8 11 14 10 2 6 4 13 1 7 12 5 
0 3 9 8 11 14 10 2 6 4 13 1 7 12 5 
0 3 9 8 11 14 10 2 6 4 13 1 7 12 5 
0 3 9 8 11 14 10 2 6 4 13 1 7 12 5 
0 3 9 8 11 14 10 2 6 4 13 1 7 12 5 
0 3 9 8 11 14 10 2 6 4 13 1 7 12 5 
0 3 9 8 11 14 10 2 6 4 13 1 7 12 5 
0 3 9 8 11 14 10 2 6 4 13 1 7 12 5 
0 3 9 8 11 14 10 2 6 4 13 1 7 12 5 
0 3 9 8 11 14 10 2 6 4 13 1 7 12 5 
0 3 9 8 11 14 10 2 6 4 13 1 7 12 5 
0 3 9 8 11 14 10 2 6 4 13 1 7 12 5 
