6287.232024
6287.232024
6287.232024
6287.232024
6473.613194
6473.613194
6473.613194
6473.613194
6653.627948
6653.627948
6653.627948
6653.627948
6653.627948
6882.980070
6882.980070
6882.980070
6946.795825
6946.795825
6946.795825
6946.795825
6946.795825
6946.795825
6947.754398
6947.754398
6947.754398
6947.754398
6947.754398
6947.754398
6967.257465
7005.196862
7005.196862
7005.196862
7005.196862
7005.196862
7033.735907
7047.590840
7180.793595
7186.991782
7186.991782
7186.991782
7194.917826
7194.917826
7194.917826
7194.917826
7225.885107
7225.885107
7225.885107
7225.885107
7225.885107
7254.077609
7254.077609
7254.077609
7254.077609
7260.791526
7260.791526
7260.791526
7321.644967
7321.644967
7321.644967
7321.644967
7324.451803
7324.451803
7324.451803
7324.451803
7366.376550
7366.376550
7366.376550
7511.942473
7511.942473
7511.942473
7511.942473
7511.942473
7514.034675
7514.987908
7514.987908
7514.987908
7532.075663
7543.496921
7543.496921
7543.496921
7588.269620
7588.269620
7588.269620
7613.728830
7613.728830
7613.728830
7613.728830
7622.403016
7674.595314
7684.869863
7684.869863
7684.869863
7685.124782
7685.124782
7685.124782
7685.124782
7736.052956
7736.052956
7736.052956
7736.052956
