0 3 9 8 11 14 10 2 6 4 13 1 7 12 5 
0 3 9 8 11 14 10 2 6 4 13 1 7 12 5 
0 3 9 8 11 14 10 2 6 4 13 1 7 12 5 
0 8 11 7 9 1 10 12 5 6 2 14 13 4 3 
0 8 11 7 9 1 10 12 5 6 2 14 13 4 3 
0 8 11 7 9 1 10 12 5 6 2 14 13 4 3 
0 6 5 12 11 8 7 9 1 3 10 4 14 13 2 
0 6 5 12 11 8 7 9 1 3 10 4 14 13 2 
0 6 5 12 11 8 7 9 1 3 10 4 14 13 2 
0 8 11 4 5 2 6 14 10 9 7 12 1 13 3 
0 8 10 5 9 4 7 1 11 6 14 12 2 3 13 
0 7 12 4 1 13 3 2 10 8 9 14 6 5 11 
0 7 12 4 1 13 3 2 10 8 9 14 6 5 11 
0 7 12 4 1 13 3 2 10 8 9 14 6 5 11 
0 7 8 11 10 6 14 2 12 4 3 13 9 1 5 
0 7 8 11 10 6 14 2 12 4 3 13 9 1 5 
0 7 8 11 10 6 14 2 12 4 3 13 9 1 5 
0 4 12 8 14 10 7 1 3 11 9 5 13 2 6 
0 4 12 8 14 10 7 1 3 11 9 5 13 2 6 
0 4 12 8 14 10 7 1 3 11 9 5 13 2 6 
0 4 12 8 14 10 7 1 3 11 9 5 13 2 6 
0 8 11 4 5 2 6 14 1 9 3 13 7 12 10 
0 8 11 4 5 2 6 14 1 9 3 13 7 12 10 
0 8 11 4 5 2 6 14 1 9 3 13 7 12 10 
0 8 11 4 5 2 6 14 1 9 3 13 7 12 10 
0 3 1 9 13 14 12 11 4 10 6 2 7 5 8 
0 3 1 9 13 14 12 11 4 10 6 2 7 5 8 
0 3 1 9 13 14 12 11 4 10 6 2 7 5 8 
0 4 2 1 13 7 8 5 3 6 12 14 10 11 9 
0 3 6 8 4 10 11 12 5 2 13 1 7 14 9 
0 3 6 8 4 10 11 12 5 2 13 1 7 14 9 
0 3 6 8 4 10 11 12 5 2 13 1 7 14 9 
0 3 6 8 4 10 11 12 5 2 13 1 7 14 9 
0 7 12 4 1 13 2 9 8 11 10 6 14 3 5 
0 4 5 2 11 1 9 7 8 6 10 13 12 3 14 
0 4 5 2 11 1 9 7 8 6 10 13 12 3 14 
0 4 5 2 11 1 9 7 8 6 10 13 12 3 14 
0 4 5 2 11 1 9 7 8 6 10 13 12 3 14 
0 7 8 11 10 6 14 2 3 9 13 4 1 12 5 
0 11 4 5 2 10 3 6 7 1 9 14 13 8 12 
0 1 4 13 7 2 9 11 12 5 3 14 10 6 8 
0 1 4 13 7 2 9 11 12 5 3 14 10 6 8 
0 1 4 13 7 2 9 11 12 5 3 14 10 6 8 
0 13 2 7 4 11 14 10 6 1 12 5 3 9 8 
0 13 2 7 4 11 14 10 6 1 12 5 3 9 8 
0 13 2 7 4 11 14 10 6 1 12 5 3 9 8 
0 13 2 7 4 11 14 10 6 1 12 5 3 9 8 
0 8 10 5 9 4 7 1 11 6 3 12 13 14 2 
0 8 10 5 9 4 7 1 11 6 3 12 13 14 2 
0 8 10 5 9 4 7 1 11 6 3 12 13 14 2 
0 8 10 5 9 4 7 1 11 6 3 12 13 14 2 
0 8 10 5 9 4 7 1 11 6 3 12 13 14 2 
0 11 14 5 8 7 9 1 6 12 3 4 2 13 10 
0 11 14 5 8 7 9 1 6 12 3 4 2 13 10 
0 11 14 5 8 7 9 1 6 12 3 4 2 13 10 
0 11 14 5 8 7 9 1 6 12 3 4 2 13 10 
0 3 13 7 5 6 12 8 11 1 4 14 9 2 10 
0 5 3 8 9 11 12 4 13 6 14 10 1 2 7 
0 5 3 8 9 11 12 4 13 6 14 10 1 2 7 
0 5 3 8 9 11 12 4 13 6 14 10 1 2 7 
0 5 3 8 9 11 12 4 13 6 14 10 1 2 7 
0 5 3 8 9 11 12 4 13 6 14 10 1 2 7 
0 12 8 13 1 9 7 3 11 2 10 6 4 5 14 
0 12 8 13 1 9 7 3 11 2 10 6 4 5 14 
0 12 8 13 1 9 7 3 11 2 10 6 4 5 14 
0 12 8 13 1 9 7 3 11 2 10 6 4 5 14 
0 11 7 8 10 3 13 6 12 4 2 14 9 1 5 
0 7 1 12 4 5 14 3 8 2 13 10 11 9 6 
0 7 1 12 4 5 14 3 8 2 13 10 11 9 6 
0 7 1 12 4 5 14 3 8 2 13 10 11 9 6 
0 7 1 12 4 5 14 3 8 2 13 10 11 9 6 
0 7 11 3 10 14 9 4 6 13 2 1 8 12 5 
0 7 11 3 10 14 9 4 6 13 2 1 8 12 5 
0 7 11 3 10 14 9 4 6 13 2 1 8 12 5 
0 7 3 14 11 1 8 13 10 9 5 2 12 6 4 
0 7 3 14 11 1 8 13 10 9 5 2 12 6 4 
0 7 3 14 11 1 8 13 10 9 5 2 12 6 4 
0 7 3 14 11 1 8 13 10 9 5 2 12 6 4 
0 7 3 14 11 1 8 13 10 9 5 2 12 6 4 
0 2 9 8 5 7 12 6 11 1 4 14 3 13 10 
0 2 9 8 5 7 12 6 11 1 4 14 3 13 10 
0 2 9 8 5 7 12 6 11 1 4 14 3 13 10 
0 8 11 7 10 1 12 2 6 5 3 14 13 4 9 
0 3 4 8 2 7 6 10 12 5 11 13 14 1 9 
0 3 4 8 2 7 6 10 12 5 11 13 14 1 9 
0 3 4 8 2 7 6 10 12 5 11 13 14 1 9 
0 8 3 9 6 11 4 5 1 12 10 2 14 13 7 
0 5 1 8 12 3 7 11 2 10 14 6 4 9 13 
0 5 1 8 12 3 7 11 2 10 14 6 4 9 13 
0 5 1 8 12 3 7 11 2 10 14 6 4 9 13 
0 5 1 8 12 3 7 11 2 10 14 6 4 9 13 
0 5 1 8 12 3 7 11 2 10 14 6 4 9 13 
0 6 5 11 1 8 14 9 7 2 12 10 13 4 3 
0 6 5 11 1 8 14 9 7 2 12 10 13 4 3 
0 6 5 11 1 8 14 9 7 2 12 10 13 4 3 
0 6 5 11 1 8 14 9 7 2 12 10 13 4 3 
0 2 7 1 5 4 14 3 6 9 8 13 11 12 10 
0 11 8 5 12 13 4 6 1 3 10 2 7 9 14 
0 11 8 5 12 13 4 6 1 3 10 2 7 9 14 
0 11 8 5 12 13 4 6 1 3 10 2 7 9 14 
