4457.978474
4458.500713
4360.398674
4458.500713
4707.818497
4499.251496
4673.872635
4513.963756
4560.225257
4451.430597
4489.438638
4524.915167
4410.179612
4980.665945
4451.430597
4908.551777
4482.368522
4360.398674
4458.500713
4594.126079
4667.239348
4673.872635
4451.968437
4410.179612
4707.818497
4508.120504
4461.312767
5461.559979
4458.500713
4413.960396
4560.225257
4553.155140
4421.030512
4468.607108
4785.785811
4573.665950
5343.762353
4925.640984
4714.304523
4421.030512
4626.852283
4410.179612
4410.179612
4480.052930
4489.438638
4410.179612
4458.500713
4515.481686
4458.500713
4707.818497
