6 24 10 16 29 27 3 28 20 8 5 25 9 1 15 7 19 13 17 21 14 2 0 4 12 18 22 26 23 11 
6 24 10 16 29 27 3 28 20 8 5 19 1 15 7 25 9 13 17 21 14 2 0 4 12 18 22 26 23 11 
11 23 26 22 18 12 4 0 2 14 21 17 13 9 19 7 15 1 25 5 8 20 28 3 27 29 16 10 24 6 
6 24 10 16 29 27 3 28 20 8 5 19 1 15 7 25 9 13 17 21 14 2 0 4 12 18 22 26 23 11 
6 24 10 16 29 27 3 28 20 8 5 19 7 25 9 15 1 13 17 21 14 2 0 4 12 18 22 26 23 11 
6 24 10 16 29 27 3 28 20 8 5 25 9 15 1 7 19 13 17 21 14 2 0 4 12 18 22 26 11 23 
6 24 10 16 29 27 3 28 20 8 5 19 25 9 15 1 7 13 17 21 14 2 0 4 12 18 22 26 23 11 
24 6 10 16 29 27 3 28 20 8 5 25 19 1 15 7 9 13 17 21 14 2 0 4 12 18 22 26 23 11 
6 24 10 16 29 27 3 28 20 8 5 19 1 15 7 25 9 13 17 21 14 2 4 0 12 18 22 26 23 11 
6 24 10 16 29 27 3 28 20 8 5 19 15 1 7 25 9 13 17 21 14 2 0 4 12 18 22 26 23 11 
6 24 10 29 16 27 3 28 20 8 5 19 1 15 7 25 9 13 17 21 14 2 0 4 12 18 22 26 23 11 
6 24 10 16 29 27 3 28 8 5 25 20 9 15 1 7 19 13 17 21 14 2 0 4 12 18 22 26 23 11 
6 24 10 16 29 27 3 28 20 8 5 25 1 15 19 7 9 13 17 21 14 2 0 4 12 18 22 26 23 11 
6 24 10 16 29 27 3 28 20 8 5 25 9 1 15 19 7 0 13 17 21 14 2 4 12 18 22 26 23 11 
6 24 10 16 29 27 3 28 20 8 5 19 15 1 7 25 9 13 17 21 14 2 0 4 12 18 22 26 23 11 
6 24 10 16 29 27 3 28 8 5 1 20 25 9 15 7 19 13 17 21 14 2 0 4 12 18 22 26 23 11 
6 24 10 29 16 27 3 28 20 8 5 19 15 1 7 25 9 13 17 21 14 2 0 4 12 18 22 26 23 11 
11 23 26 22 18 12 4 0 2 14 21 17 13 9 19 7 15 1 25 5 8 20 28 3 27 29 16 10 24 6 
6 24 10 16 29 27 3 28 20 8 5 19 1 15 7 25 9 13 17 21 14 2 0 4 12 18 22 26 23 11 
6 24 10 29 16 27 3 5 8 20 28 25 19 1 15 7 9 13 17 21 14 2 0 4 12 18 22 26 23 11 
6 24 10 16 29 27 3 28 20 8 5 19 1 15 7 25 9 13 17 21 2 0 4 12 14 18 22 26 23 11 
6 24 10 16 29 27 3 28 20 8 5 19 25 9 15 1 7 13 17 21 14 2 0 4 12 18 22 26 23 11 
6 24 10 29 16 27 3 28 20 8 5 25 19 1 15 7 9 13 17 21 14 2 0 4 12 18 22 26 23 11 
6 24 10 16 29 27 3 28 20 8 5 25 1 15 19 7 9 13 17 21 14 2 0 4 12 18 22 26 23 11 
6 24 10 16 29 27 3 28 20 8 5 19 7 25 9 15 1 13 17 21 14 2 0 4 12 18 22 26 23 11 
6 24 10 16 29 27 3 28 8 5 25 20 19 15 1 7 9 13 17 21 14 2 0 4 12 18 22 26 23 11 
6 24 10 16 29 27 3 28 20 8 5 25 9 15 1 7 19 13 17 21 14 2 0 4 12 18 22 26 23 11 
6 24 10 16 29 15 27 3 28 20 8 5 19 1 7 25 9 13 17 21 14 2 0 4 12 18 22 26 23 11 
6 24 10 16 29 27 3 28 20 8 5 19 1 15 7 25 9 13 17 21 14 2 0 4 12 18 22 26 23 11 
6 24 10 16 29 27 3 28 20 8 5 25 19 15 1 7 9 13 17 21 14 2 0 4 12 18 22 26 23 11 
6 24 10 16 29 27 3 28 20 8 5 19 1 15 7 25 9 13 17 21 14 2 4 0 12 18 22 26 23 11 
6 24 10 16 29 27 3 28 20 8 5 19 15 1 7 25 9 13 17 21 14 2 4 0 12 18 22 26 23 11 
6 24 10 16 29 27 3 28 20 8 5 25 19 1 15 7 9 13 17 21 14 2 0 4 12 18 22 26 23 11 
6 24 10 16 29 27 3 28 20 8 5 25 9 19 1 15 7 13 17 21 14 2 0 4 12 18 22 26 23 11 
24 6 10 16 29 27 3 28 20 8 25 9 5 15 1 19 7 13 17 21 14 2 0 12 4 18 22 26 23 11 
6 24 10 16 29 27 3 28 20 25 7 15 1 19 5 8 9 13 21 17 14 2 0 4 12 18 22 26 23 11 
6 24 10 16 29 27 3 28 20 8 5 19 1 15 7 0 2 14 21 17 13 9 25 4 12 18 22 26 23 11 
6 24 10 16 29 27 3 28 20 8 5 25 9 19 1 15 7 13 17 21 14 2 0 22 18 12 4 26 23 11 
6 23 26 22 18 12 4 0 2 14 21 17 13 9 7 15 1 19 25 5 8 20 28 3 27 16 29 10 24 11 
6 24 10 16 29 27 3 28 20 8 5 25 19 1 15 7 9 13 17 21 14 2 0 4 12 18 22 26 23 11 
6 24 10 29 16 27 3 28 20 8 5 1 15 9 25 7 19 13 17 21 14 2 0 4 12 18 22 26 23 11 
6 24 10 16 29 27 3 28 20 8 5 25 1 15 19 7 9 13 17 21 14 2 0 4 12 18 22 26 23 11 
11 23 26 22 18 12 4 0 2 14 21 17 13 9 7 19 15 1 25 5 8 20 28 3 27 29 16 10 24 6 
6 24 10 16 29 27 3 20 28 8 5 25 9 19 1 15 7 13 17 21 14 2 0 4 12 18 22 26 23 11 
6 24 10 29 16 27 3 28 20 8 5 19 1 15 7 25 9 13 17 21 14 2 0 4 12 18 22 26 23 11 
6 24 10 16 29 27 3 28 20 8 5 25 1 15 19 7 9 13 17 21 14 2 0 4 12 18 22 26 23 11 
6 24 10 16 29 27 3 28 20 8 5 19 1 15 7 25 9 13 17 21 14 2 0 4 12 18 22 26 23 11 
6 24 10 16 29 27 3 28 20 8 5 25 9 7 19 15 1 13 17 21 14 2 0 4 12 18 22 26 23 11 
6 24 10 16 29 27 3 28 20 8 5 19 1 15 7 25 9 13 17 21 14 2 0 4 12 18 22 26 23 11 
6 24 10 16 29 27 3 28 20 8 5 19 7 25 9 15 1 13 17 21 14 2 0 4 12 18 22 26 23 11 
