4695.648429
5080.563018
5673.701179
5822.716660
6220.611134
5586.752159
5183.580371
5577.295074
5697.715715
5734.043739
6430.221689
5384.158298
5579.119207
5761.755982
5703.212414
5253.799363
5902.874751
6303.506702
5899.018475
5396.004815
4500.597232
5832.765010
4884.065338
5396.650370
5562.960527
5900.094267
5338.635221
5713.071981
5881.922027
4603.423296
4957.769597
5274.840245
5410.513117
5986.176787
6347.391018
5725.141769
5368.872861
5797.820496
5888.384488
5548.945556
4461.536992
4485.546222
5121.725361
4836.547163
4928.562960
5511.492257
5317.746415
5528.797897
6702.692343
6669.222644
