11 23 26 22 18 12 4 2 14 21 0 17 13 7 1 15 19 9 25 5 8 20 28 3 27 29 16 10 24 6 
11 23 26 22 18 12 4 0 2 14 21 17 13 7 1 15 19 9 16 29 27 3 28 20 8 5 25 10 24 6 
6 24 10 16 25 8 29 27 5 3 28 20 9 7 1 15 19 13 17 21 14 2 0 4 12 22 18 26 23 11 
29 25 5 8 20 9 19 15 1 7 13 17 21 14 0 2 4 12 18 22 24 6 10 16 28 3 27 23 26 11 
29 6 24 22 18 12 4 2 0 14 21 17 13 7 20 1 15 19 9 8 5 25 10 16 28 3 27 23 26 11 
6 26 23 27 16 29 3 28 20 8 5 25 9 19 15 1 7 13 17 21 14 2 0 4 12 18 22 10 24 11 
6 16 24 10 29 27 3 28 20 8 7 1 15 19 9 25 5 13 17 21 14 2 0 4 12 18 22 23 26 11 
6 24 10 16 29 27 3 28 20 8 5 1 15 19 9 25 7 13 17 21 14 0 2 4 12 18 23 26 22 11 
6 24 10 7 1 15 9 25 5 8 20 28 3 27 29 16 13 19 17 21 14 2 0 4 12 18 22 26 23 11 
29 6 24 10 16 27 3 28 13 7 1 15 19 9 25 5 8 20 17 21 14 2 0 4 12 18 22 23 26 11 
6 24 28 3 16 29 27 5 20 8 1 15 19 9 10 25 7 13 17 21 14 0 4 12 2 18 22 23 26 11 
6 24 16 29 27 3 28 20 8 10 5 25 9 19 15 1 7 13 17 21 14 2 0 4 12 18 22 23 26 11 
6 24 16 29 27 3 28 20 8 5 1 15 19 9 10 25 7 13 17 21 14 0 4 12 2 18 22 26 23 11 
6 24 10 16 29 27 3 25 5 8 28 19 9 17 13 7 15 1 20 18 12 4 0 2 21 14 22 23 26 11 
24 6 10 27 3 25 15 1 7 9 19 29 16 5 8 20 28 13 17 21 14 0 4 12 2 18 22 23 26 11 
11 26 23 27 16 29 3 28 20 8 5 25 9 19 15 1 7 13 17 21 14 2 0 4 12 18 22 10 24 6 
6 24 29 2 4 12 18 22 0 14 21 17 13 7 1 15 19 9 20 8 5 25 10 16 28 3 27 26 23 11 
6 24 23 22 18 12 4 0 2 17 21 14 10 16 29 27 3 5 25 9 19 13 7 15 1 8 20 28 26 11 
6 24 10 16 29 15 19 9 25 5 8 20 28 3 27 1 7 13 17 18 12 4 0 2 21 14 22 23 26 11 
6 24 10 16 29 27 3 5 25 9 19 15 1 8 20 28 7 13 17 18 12 4 0 2 14 21 22 23 26 11 
6 24 10 16 29 27 3 28 20 8 5 25 9 19 15 1 7 13 17 21 14 0 2 4 12 18 22 26 23 11 
6 24 10 16 29 27 22 18 12 4 0 2 14 3 5 28 8 25 9 19 15 1 7 13 17 21 20 23 26 11 
6 24 10 16 3 27 29 28 20 8 5 25 9 19 15 1 7 13 17 21 14 0 2 4 12 18 22 23 26 11 
6 24 10 16 29 27 3 5 25 9 19 15 1 8 20 28 7 13 17 12 4 0 2 14 21 18 22 11 26 23 
24 10 16 29 27 3 28 20 8 5 25 9 19 15 1 7 13 17 21 14 2 0 4 12 26 18 22 11 23 6 
6 24 10 16 29 27 3 28 20 7 1 15 19 9 25 5 8 13 17 21 14 2 23 26 22 18 12 4 0 11 
29 6 24 10 16 27 3 28 20 8 5 15 1 19 9 25 7 13 17 21 14 0 2 4 12 18 22 23 26 11 
24 6 10 16 29 27 3 20 28 19 9 25 5 8 1 7 13 15 17 21 14 0 2 4 12 18 22 23 26 11 
23 26 11 16 29 27 3 5 28 8 25 9 19 22 18 12 4 0 2 14 21 17 13 7 1 15 20 10 24 6 
6 24 10 16 29 27 3 8 20 28 5 25 9 19 15 1 7 13 17 21 14 2 0 4 12 18 22 26 23 11 
6 24 10 16 27 29 3 28 20 8 5 25 9 19 15 1 7 13 17 21 14 2 0 4 12 22 18 26 23 11 
6 24 29 10 16 27 3 28 20 8 5 25 9 19 15 1 7 12 4 0 2 14 21 17 13 18 22 23 26 11 
24 6 10 16 29 27 3 28 8 5 7 1 15 19 25 9 13 17 21 20 14 0 4 12 2 18 22 23 26 11 
6 24 16 29 27 5 3 28 20 8 10 25 9 19 7 15 1 13 17 21 14 0 4 12 2 18 22 23 26 11 
6 24 10 16 29 27 3 28 20 8 5 25 0 4 12 18 22 26 23 2 14 21 17 13 7 1 15 9 19 11 
24 6 10 16 29 27 28 21 0 2 4 17 13 7 1 15 19 9 25 5 8 20 3 14 12 18 22 23 26 11 
6 16 24 10 3 27 29 28 20 8 5 25 9 19 15 1 7 13 17 21 14 0 2 4 12 18 22 23 26 11 
6 29 24 22 18 12 4 2 0 14 21 17 13 7 1 15 19 9 20 8 5 25 10 16 28 3 27 23 26 11 
6 24 10 16 29 27 3 5 25 9 19 17 13 7 15 1 8 20 28 18 12 4 0 2 14 21 22 11 26 23 
24 6 10 16 29 27 3 28 20 8 5 25 9 12 4 0 2 14 21 17 13 7 1 15 19 18 22 23 26 11 
6 24 10 16 29 27 3 28 20 8 5 25 9 19 15 1 7 13 17 21 14 2 0 4 12 18 22 26 23 11 
6 24 10 16 29 27 3 28 20 5 8 25 9 19 15 1 7 13 17 21 14 2 0 4 12 18 22 26 23 11 
11 24 10 16 29 27 3 5 25 9 19 28 20 8 15 1 7 13 17 21 14 2 0 4 12 18 22 26 23 6 
6 24 10 16 29 27 3 28 20 5 8 25 9 19 15 1 7 13 17 21 14 0 18 12 4 2 22 23 26 11 
6 24 10 16 29 27 28 20 5 3 8 25 9 19 15 1 7 13 17 21 14 2 0 4 12 18 22 26 23 11 
6 24 10 16 29 27 3 28 20 8 5 25 7 22 18 12 4 2 0 14 21 17 13 1 15 19 9 23 26 11 
11 23 26 22 18 12 4 0 2 5 25 9 19 15 1 7 14 21 17 13 8 20 28 3 27 29 16 10 24 6 
6 24 10 16 29 27 3 28 20 8 5 25 9 12 4 0 2 19 15 1 7 13 17 21 14 22 18 26 23 11 
11 26 23 10 16 27 28 20 8 5 25 9 19 15 1 3 7 13 22 17 21 14 2 18 12 4 0 29 24 6 
6 24 10 16 29 27 19 15 1 7 13 17 21 14 2 8 0 4 9 25 5 20 28 3 12 18 22 26 23 11 
