4143.543000
4143.543000
4143.543000
4143.543000
4143.543000
4143.543000
4143.543000
4143.543000
4143.543000
4143.543000
4143.543000
4143.543000
4143.543000
4418.164732
4418.164732
4418.164732
4418.164732
4418.164732
4418.164732
4418.164732
4418.164732
4418.164732
4418.164732
4418.164732
4418.164732
4418.164732
4418.164732
4418.164732
4418.164732
4418.164732
4418.164732
4418.164732
4418.164732
4418.164732
4418.164732
4418.164732
4418.164732
4418.164732
4418.164732
4418.164732
4418.164732
4418.164732
4418.164732
4418.164732
4418.164732
4418.164732
4418.164732
4418.164732
4418.164732
4418.164732
4418.164732
4418.164732
4418.164732
4418.164732
4418.164732
4418.164732
4418.164732
4418.164732
4418.164732
4418.164732
4418.164732
4418.164732
4418.164732
4418.164732
4418.164732
4418.164732
4418.164732
4418.164732
4418.164732
4418.164732
4418.164732
4418.164732
4418.164732
4418.164732
4418.164732
4418.164732
4418.164732
4418.164732
4418.164732
4418.164732
4418.164732
4418.164732
4418.164732
4418.164732
4418.164732
4418.164732
4418.164732
4418.164732
4418.164732
4418.164732
4418.164732
4418.164732
4418.164732
4418.164732
4418.164732
4418.164732
4418.164732
4418.164732
4418.164732
4418.164732
