5979.227927
5979.227927
5979.227927
5979.227927
5979.227927
5979.227927
5979.227927
5979.227927
5979.227927
5979.227927
5979.227927
5979.227927
6241.385552
6241.385552
6241.385552
6241.385552
6241.385552
6241.385552
6241.385552
6241.385552
6241.385552
6241.385552
6241.385552
6241.385552
6499.732698
6499.732698
6499.732698
6499.732698
6499.732698
6499.732698
6499.732698
6499.732698
6499.732698
6572.109829
6572.109829
6572.109829
6588.121478
6789.992857
6795.582799
6805.491715
6872.375571
6907.722095
6907.722095
6907.722095
6983.347758
6983.347758
6983.347758
6983.347758
6983.347758
6983.347758
6983.347758
6983.347758
6983.347758
7013.550126
7020.520926
7020.520926
7020.520926
7020.520926
7020.520926
7020.520926
7020.520926
7020.520926
7020.520926
7020.520926
7020.520926
7020.520926
7027.414018
7168.894506
7168.894506
7168.894506
7168.894506
7168.894506
7168.894506
7168.894506
7168.894506
7168.894506
7168.894506
7168.894506
7168.894506
7168.894506
7168.894506
7168.894506
7180.646029
7180.646029
7180.646029
7180.646029
7180.646029
7180.646029
7180.646029
7180.646029
7180.646029
7180.646029
7180.646029
7180.646029
7180.646029
7180.646029
7180.646029
7180.646029
7180.646029
7180.646029
