6 24 10 9 25 7 8 3 28 20 5 27 29 16 15 19 1 13 17 21 14 2 0 4 12 18 22 23 26 11 
26 23 27 3 28 20 8 5 25 9 2 0 4 12 18 22 21 17 13 14 7 1 15 19 11 29 10 16 24 6 
6 24 10 16 29 26 23 22 18 12 4 0 2 14 21 17 13 7 1 15 9 19 25 5 8 20 27 3 28 11 
24 10 16 29 27 6 3 28 20 8 5 25 9 19 15 1 7 13 14 21 17 2 0 4 12 18 22 11 26 23 
6 24 10 16 29 27 0 4 9 25 5 8 20 28 12 18 2 14 21 17 13 7 1 15 19 3 22 23 26 11 
6 24 10 16 29 27 3 28 8 5 25 9 19 15 1 7 13 17 21 20 14 2 0 4 12 18 22 23 26 11 
23 26 11 22 18 0 2 14 21 17 13 7 1 15 19 9 25 6 24 10 16 5 8 20 28 3 27 29 4 12 
24 6 10 16 29 27 3 28 20 8 5 25 9 19 15 1 7 13 17 18 12 4 0 2 14 21 22 23 26 11 
6 24 10 16 29 27 5 22 18 12 4 0 2 14 19 9 25 15 1 7 13 17 21 8 3 28 20 23 26 11 
6 28 20 8 27 29 16 3 10 24 5 25 19 9 15 1 7 13 17 21 14 0 2 4 12 18 22 11 23 26 
6 24 10 16 29 27 3 7 1 15 19 9 25 5 8 20 28 13 17 18 12 4 0 2 14 21 22 23 26 11 
23 26 11 6 24 10 16 29 27 3 5 25 8 20 28 1 17 21 13 7 15 19 9 14 2 0 4 12 18 22 
23 11 26 6 24 10 16 29 27 3 5 25 8 7 20 28 1 9 19 15 13 17 21 14 2 0 4 12 18 22 
23 26 11 16 29 27 3 28 5 8 13 7 1 15 10 24 6 19 9 25 20 17 21 14 2 0 4 12 18 22 
23 26 11 6 24 10 16 21 13 7 1 15 19 9 17 25 5 8 20 28 3 27 29 14 2 0 4 12 18 22 
11 26 23 9 25 5 8 20 28 3 19 15 1 7 14 21 17 13 18 12 22 4 0 2 27 29 16 10 24 6 
6 24 10 16 29 27 3 28 20 8 5 25 9 19 15 1 7 13 17 21 14 2 0 4 12 18 22 26 23 11 
6 24 10 16 29 27 3 5 8 20 28 25 9 19 15 1 7 13 17 21 14 2 0 4 12 18 22 23 26 11 
26 8 20 28 3 27 29 16 10 24 6 11 23 5 25 9 19 15 1 7 13 17 21 14 2 0 4 12 18 22 
6 24 10 16 29 27 5 3 28 20 8 25 9 15 1 19 13 17 21 0 4 12 18 2 14 7 22 23 26 11 
29 6 24 10 16 27 3 25 5 8 20 28 19 9 15 1 7 13 17 21 14 0 2 4 12 18 22 23 26 11 
6 28 20 8 3 27 29 16 10 24 5 25 0 4 12 18 2 14 21 17 13 7 1 15 19 9 22 11 23 26 
23 11 26 6 24 10 16 17 21 13 7 1 15 19 9 25 29 27 3 5 8 20 28 14 2 0 4 12 18 22 
6 24 16 29 27 28 3 20 8 5 9 19 15 1 7 13 17 21 14 2 0 4 12 18 10 25 22 26 23 11 
11 26 23 20 27 29 5 2 22 18 12 4 0 14 21 17 13 7 1 19 15 9 25 8 3 28 16 10 24 6 
6 24 10 16 5 9 8 20 28 3 19 15 1 7 14 21 17 13 22 18 12 4 0 2 27 29 25 23 26 11 
26 11 6 24 15 19 9 25 5 8 20 28 3 27 29 16 10 1 7 13 17 21 14 2 0 4 12 18 22 23 
6 24 10 16 29 27 5 3 28 20 8 25 9 19 15 1 7 13 14 21 17 2 0 4 12 18 22 23 26 11 
6 24 10 16 29 27 28 3 20 8 5 19 15 1 25 9 7 13 17 21 14 2 0 4 12 18 22 26 23 11 
23 26 11 22 18 12 4 0 2 14 21 17 13 7 1 15 19 9 25 5 8 20 28 6 27 29 16 3 10 24 
6 24 10 16 25 0 4 29 27 3 28 20 8 5 12 18 2 14 21 17 13 7 1 15 19 9 22 23 26 11 
23 26 29 27 3 28 20 8 5 25 9 19 15 1 7 13 17 21 14 2 0 4 11 6 24 10 16 12 18 22 
6 24 10 16 29 27 5 21 17 13 7 1 15 19 9 25 8 2 14 3 28 20 0 4 12 18 22 23 26 11 
6 24 10 16 3 27 29 28 20 8 5 25 9 19 15 1 7 13 17 21 22 18 12 26 23 11 14 2 0 4 
23 26 11 22 18 0 2 14 21 17 13 7 1 15 19 9 25 5 8 28 3 6 4 12 20 27 29 16 10 24 
25 9 19 6 24 10 16 29 27 3 26 28 20 8 5 15 1 7 13 17 21 14 2 0 4 12 18 22 23 11 
23 26 11 22 18 12 4 0 20 8 5 25 19 2 14 21 17 13 7 1 15 9 28 3 6 27 29 16 10 24 
6 24 10 16 29 3 28 20 8 5 25 19 9 15 1 7 13 26 23 2 22 18 12 4 0 14 21 17 27 11 
24 10 16 29 27 2 0 14 21 17 13 7 1 15 19 9 25 5 8 20 28 3 6 4 12 18 22 11 26 23 
6 24 10 16 29 27 3 5 8 28 25 9 19 20 15 1 7 13 17 21 14 0 4 12 18 22 2 23 26 11 
11 9 25 19 10 24 16 29 27 3 28 20 8 5 15 1 7 13 17 21 14 2 0 4 12 18 22 23 26 6 
22 18 12 4 2 14 0 21 17 8 5 13 7 1 24 10 16 29 27 3 28 20 25 9 19 15 6 26 11 23 
26 23 11 6 24 10 16 29 27 3 28 20 8 5 13 17 21 7 1 15 19 9 25 14 2 0 4 12 18 22 
6 24 10 16 29 27 28 3 20 8 5 25 9 19 15 1 7 13 17 2 0 4 21 14 12 18 22 26 23 11 
6 24 10 16 29 27 4 0 2 14 21 13 17 12 18 22 11 7 1 15 19 9 25 5 8 20 28 3 26 23 
26 11 6 24 10 16 29 27 3 28 20 8 5 25 19 15 21 17 13 9 12 18 22 2 23 1 7 14 0 4 
6 24 10 16 29 27 3 28 20 8 5 25 9 19 15 1 7 13 17 11 21 14 0 4 12 18 22 2 23 26 
23 26 11 22 18 20 6 3 28 8 5 25 9 19 15 17 13 7 1 21 14 2 0 4 12 27 29 16 10 24 
6 24 10 16 29 27 3 21 17 13 7 1 28 20 8 5 25 9 19 15 14 2 0 4 12 18 22 26 23 11 
6 24 16 10 11 26 23 22 18 12 4 0 2 14 21 17 13 7 1 15 9 19 25 5 8 20 28 3 27 29 
