4226.910432
4226.910432
4226.910432
4235.658988
4235.658988
4235.658988
4235.658988
4235.658988
4235.658988
4235.658988
4235.658988
4235.658988
4235.658988
4235.658988
4235.658988
4235.658988
4235.658988
4235.658988
4235.658988
4235.658988
4235.658988
4235.658988
4235.658988
4235.658988
4235.658988
4235.658988
4235.658988
4235.658988
4235.658988
4235.658988
4235.658988
4235.658988
4235.658988
4235.658988
4235.658988
4235.658988
4235.658988
4235.658988
4235.658988
4235.658988
4235.658988
4235.658988
4235.658988
4235.658988
4235.658988
4235.658988
4235.658988
4235.658988
4235.658988
4235.658988
4235.658988
4235.658988
4235.658988
4235.658988
4235.658988
4235.658988
4235.658988
4235.658988
4235.658988
4235.658988
4235.658988
4235.658988
4235.658988
4235.658988
4235.658988
4235.658988
4235.658988
4235.658988
4235.658988
4235.658988
4235.658988
4235.658988
4235.658988
4235.658988
4235.658988
4235.658988
4235.658988
4235.658988
4235.658988
4235.658988
4235.658988
4235.658988
4235.658988
4235.658988
4235.658988
4235.658988
4235.658988
4235.658988
4235.658988
4235.658988
4235.658988
4235.658988
4235.658988
4235.658988
4235.658988
4235.658988
4235.658988
4235.658988
4235.658988
4235.658988
