4458.500713
4579.084086
4514.600745
4554.470236
4802.484013
4461.536992
4802.484013
4514.600745
4499.475721
4993.756309
4656.083055
4779.650107
4499.251496
4461.536992
5613.079778
4461.536992
4489.438638
4650.561548
4461.312767
4525.005155
4738.117978
4554.470236
4781.318728
4607.533989
4421.030512
4594.823189
4461.536992
4525.005155
4676.747349
5608.501998
4461.536992
4621.354888
4461.536992
4594.823189
4788.960439
4698.783424
4514.600745
4461.312767
5357.955461
4461.536992
4461.536992
4461.536992
4458.500713
5006.341289
4995.764352
4468.607108
4663.434293
5513.106562
4499.475721
4514.600745
