5253.850082
5253.850082
5253.850082
5253.850082
5335.823784
5354.695252
5364.653006
5364.653006
5364.653006
5364.653006
5364.653006
5364.653006
5364.653006
5364.653006
5364.653006
5364.653006
5364.653006
5364.653006
5364.653006
5364.653006
5439.229512
5439.229512
5439.229512
5439.229512
5439.229512
5439.229512
5439.229512
5439.229512
5439.229512
5439.229512
5439.229512
5439.229512
5439.229512
5439.229512
5439.229512
5439.229512
5439.229512
5439.229512
5439.229512
5439.229512
5439.229512
5439.229512
5439.229512
5439.229512
5439.229512
5439.229512
5439.229512
5439.229512
5439.229512
5439.229512
5439.229512
5439.229512
5439.229512
5439.229512
5439.229512
5439.229512
5439.229512
5439.229512
5439.229512
5439.229512
5439.229512
5439.229512
5439.229512
5439.229512
5439.229512
5439.229512
5439.229512
5439.229512
5439.229512
5439.229512
5439.229512
5439.229512
5439.229512
5439.229512
5439.229512
5439.229512
5439.229512
5439.229512
5439.229512
5439.229512
5439.229512
5439.229512
5439.229512
5439.229512
5439.229512
5439.229512
5439.229512
5439.229512
5439.229512
5439.229512
5439.229512
5439.229512
5439.229512
5439.229512
5439.229512
5439.229512
5439.229512
5439.229512
5439.229512
5439.229512
