6 24 10 16 29 27 3 28 20 8 5 25 9 19 15 1 7 13 17 21 14 0 2 4 12 18 22 26 23 11 
11 24 10 16 29 27 3 28 20 8 5 25 9 19 15 1 7 13 17 21 14 2 0 4 12 18 22 26 23 6 
6 24 10 16 29 27 3 5 25 8 20 28 9 19 13 7 1 15 17 21 14 2 0 4 12 18 22 26 23 11 
6 24 10 16 29 27 3 28 20 8 5 25 9 19 15 1 7 13 17 21 14 0 2 4 12 18 22 26 23 11 
6 24 10 16 29 27 3 28 20 5 8 25 9 19 15 1 7 13 17 21 14 2 0 4 12 18 22 26 23 11 
6 24 10 16 29 27 3 28 20 8 5 25 9 19 15 1 7 13 17 21 14 2 0 4 12 18 22 23 26 11 
11 24 10 16 27 29 3 28 20 8 5 25 9 19 15 1 7 13 17 21 14 2 0 4 22 18 12 23 26 6 
6 24 10 16 29 27 3 5 25 28 20 8 9 0 7 1 15 19 13 17 21 14 2 4 12 18 22 26 23 11 
6 24 10 16 29 27 3 28 20 5 8 25 9 19 15 1 7 13 17 21 14 0 18 12 4 2 22 26 23 11 
6 24 10 16 3 27 29 28 20 8 5 25 7 1 15 19 9 13 17 21 2 14 0 4 12 18 22 26 23 11 
6 24 10 16 29 27 3 28 20 8 5 25 9 19 15 1 7 13 17 14 2 0 4 12 18 21 22 23 26 11 
6 24 10 29 16 27 3 28 20 8 5 25 9 19 15 1 7 13 17 21 14 2 0 4 12 18 22 23 26 11 
6 24 10 16 29 27 3 28 20 8 5 25 9 19 15 1 7 13 17 21 14 2 0 4 12 18 22 23 26 11 
11 24 10 16 29 27 3 28 20 5 8 25 9 1 15 19 7 13 0 2 14 17 21 4 12 18 22 26 23 6 
6 24 10 16 3 27 29 28 20 8 14 2 21 17 13 9 19 15 1 7 25 5 0 4 12 18 22 23 26 11 
6 24 10 16 29 27 3 28 20 5 25 9 19 8 15 1 7 13 17 21 14 0 2 4 12 18 22 26 23 11 
6 24 10 29 16 27 3 28 23 20 8 5 25 9 19 15 1 7 13 17 21 14 2 0 4 12 18 22 26 11 
6 24 10 16 29 27 3 28 0 2 14 17 13 20 5 7 1 15 8 25 9 19 21 4 12 22 18 26 23 11 
6 24 10 16 29 27 3 5 25 8 20 28 9 19 15 1 7 13 17 21 14 0 2 4 12 18 22 26 23 11 
6 24 10 16 27 29 3 28 20 8 5 25 9 19 15 1 7 13 17 21 14 2 0 4 12 18 22 26 23 11 
6 24 10 16 27 29 3 28 20 8 5 25 9 7 1 15 19 13 17 21 14 0 2 4 12 18 22 26 23 11 
6 24 10 16 29 27 3 28 20 8 5 25 9 19 15 1 7 13 17 21 14 2 0 4 12 18 22 26 23 11 
6 24 10 16 9 1 15 8 25 5 20 28 3 29 27 19 7 13 17 21 14 2 0 4 12 18 22 26 23 11 
11 24 10 16 29 27 3 5 25 28 20 8 7 1 15 19 9 13 17 21 14 2 0 4 12 18 22 26 23 6 
6 24 10 29 16 27 3 28 20 8 5 25 9 19 15 1 7 13 17 21 14 2 0 4 12 18 22 26 23 11 
6 24 10 16 29 27 3 28 20 5 8 25 9 1 15 19 7 13 17 21 14 0 2 4 12 22 18 26 23 11 
6 24 10 29 16 27 3 28 20 8 5 25 9 19 15 1 7 13 17 21 14 2 0 4 12 18 22 23 26 11 
6 24 10 16 29 27 3 28 20 8 5 25 9 19 15 1 7 13 17 12 18 0 14 21 4 2 22 26 23 11 
11 24 29 16 10 27 3 5 25 9 19 28 20 8 15 1 7 13 17 21 14 2 0 4 12 18 22 26 23 6 
6 24 10 16 29 27 3 25 9 8 5 20 28 19 15 1 7 13 17 4 0 2 14 21 12 18 22 26 23 11 
6 24 10 16 29 27 3 28 20 8 5 25 9 19 15 1 7 13 17 21 14 2 0 4 12 18 22 23 26 11 
11 24 10 16 27 29 3 28 20 8 25 5 9 19 15 1 7 13 17 21 14 2 0 4 12 18 22 26 23 6 
11 24 10 16 29 27 3 25 9 8 5 20 28 19 15 1 7 13 17 21 14 2 12 4 0 18 22 26 23 6 
6 24 10 16 29 27 3 28 20 8 5 25 9 19 15 1 7 13 22 18 12 4 17 21 14 0 2 26 23 11 
24 6 10 16 29 27 3 28 20 8 5 25 9 7 1 15 19 13 17 21 14 0 18 12 4 2 22 23 26 11 
24 6 10 16 29 27 3 28 20 5 8 25 19 1 15 9 7 13 17 21 14 0 2 4 12 18 22 23 26 11 
6 24 10 29 27 16 3 20 28 8 5 25 9 15 1 19 7 13 17 21 14 2 0 4 12 18 22 26 23 11 
6 24 10 16 29 27 3 28 20 5 25 9 19 8 15 1 7 13 17 21 14 0 2 4 12 18 22 26 23 11 
24 6 10 16 29 27 3 28 20 5 8 25 9 19 7 1 15 13 17 21 2 14 0 4 12 18 22 23 26 11 
6 10 24 29 16 27 3 28 20 8 5 25 9 19 15 1 7 13 17 21 14 0 2 4 12 22 18 23 26 11 
6 24 10 29 27 16 3 28 20 8 5 25 9 19 15 1 7 13 17 21 14 2 0 4 12 18 22 23 26 11 
11 26 23 16 29 27 3 28 20 8 5 25 9 19 15 1 7 13 17 21 14 0 2 4 12 22 18 10 24 6 
6 24 10 16 29 27 3 28 20 5 8 25 9 19 15 1 7 13 17 21 14 2 0 4 12 18 22 26 23 11 
11 24 10 16 29 27 3 28 20 8 5 25 9 19 15 1 7 13 17 21 14 12 2 0 4 22 18 23 26 6 
6 10 24 16 29 27 3 28 20 8 5 25 9 19 15 1 7 13 17 21 14 2 0 4 12 18 22 23 26 11 
6 24 10 16 29 27 3 5 25 8 20 28 9 19 15 1 7 13 17 21 14 2 0 4 12 18 22 26 23 11 
6 24 10 16 29 27 3 28 20 8 5 25 9 19 15 1 7 13 17 21 14 2 0 4 12 18 22 26 23 11 
6 24 10 16 29 27 3 28 20 5 25 9 19 8 15 1 7 13 17 21 14 2 0 4 12 18 22 26 23 11 
6 24 10 16 29 27 3 28 20 5 25 8 15 1 9 19 7 13 17 21 14 0 2 4 12 18 22 26 23 11 
6 24 10 16 29 27 3 5 25 28 20 8 9 19 15 1 7 13 17 21 14 2 0 4 12 18 22 26 23 11 
