5041.054037
4545.538670
4568.489575
4461.536992
4461.536992
4808.752573
4574.707358
4461.312767
4568.489575
4891.847803
4506.545837
4514.600745
4871.894601
5003.513713
4514.600745
4554.470236
4535.446596
4461.312767
5058.277835
4514.600745
4706.997925
4461.536992
4514.600745
4461.536992
4461.536992
4461.312767
5443.109491
4545.538670
4461.536992
4554.541926
4552.539474
4554.541926
4514.600745
4552.539474
4568.265350
4665.362666
4647.475170
4461.312767
4840.702338
4733.094104
4926.714500
4621.354888
4907.824637
4461.536992
4461.536992
5179.722893
4674.418641
4762.436401
4461.312767
5035.207732
