6 24 10 16 29 27 3 28 20 8 5 13 7 1 15 19 9 25 17 21 14 2 0 4 12 18 22 26 23 11 
6 24 10 29 16 27 3 28 20 8 5 25 9 1 15 19 7 13 17 21 14 2 0 4 12 18 22 26 23 11 
6 24 10 16 29 27 3 20 8 28 5 25 9 19 15 1 7 13 17 21 14 2 0 4 12 18 22 26 23 11 
6 24 10 16 29 27 3 28 20 8 5 25 9 19 15 1 7 13 17 21 14 2 0 4 12 18 22 26 23 11 
6 24 10 16 29 27 3 28 20 8 5 25 9 19 15 1 7 13 17 21 14 2 0 4 12 18 22 26 23 11 
6 10 24 16 29 27 3 28 20 8 5 25 9 19 15 1 7 13 17 21 14 2 0 4 12 18 22 26 23 11 
6 24 10 16 29 27 3 20 28 8 5 25 9 19 15 1 7 13 17 21 14 2 4 0 12 18 22 26 23 11 
6 24 10 16 29 27 3 28 20 8 5 25 9 15 1 7 19 13 17 21 14 2 0 4 12 18 22 26 23 11 
6 24 10 16 29 27 3 20 8 28 5 25 9 19 15 1 7 13 17 21 14 2 0 4 12 18 22 26 23 11 
23 11 26 22 18 12 4 0 2 14 21 17 9 19 15 1 7 13 25 5 8 20 28 3 27 29 16 10 24 6 
6 24 10 16 29 27 3 28 20 8 5 25 9 19 1 15 7 13 17 21 14 2 0 4 12 18 22 26 11 23 
6 24 10 16 29 27 3 28 20 8 5 25 9 1 15 19 7 13 17 21 14 2 0 4 12 18 22 26 23 11 
6 24 10 29 27 3 28 20 16 8 5 25 9 19 15 1 7 13 17 21 14 2 0 4 12 18 22 26 11 23 
29 6 24 10 16 27 3 28 20 8 5 25 9 15 1 7 19 13 17 21 14 2 0 4 12 18 22 26 23 11 
6 24 10 16 29 27 3 28 20 8 5 25 9 1 15 19 7 13 17 21 14 2 0 4 12 18 22 26 23 11 
24 6 10 16 29 27 3 28 20 8 5 25 9 19 15 1 7 13 17 21 14 2 0 4 12 18 22 26 23 11 
6 24 10 16 29 27 3 28 20 8 5 25 9 19 15 1 7 13 17 14 21 2 0 4 12 18 22 26 23 11 
6 24 10 16 29 27 3 28 20 8 5 25 9 15 1 7 19 13 17 21 14 2 0 4 12 18 22 26 23 11 
6 24 10 16 29 27 3 28 20 8 5 19 1 15 7 13 17 9 25 21 14 2 0 4 12 18 22 26 23 11 
6 24 10 16 29 27 3 28 20 8 5 25 9 1 15 19 7 13 17 21 14 2 0 4 12 18 22 26 23 11 
6 24 27 10 16 29 3 28 20 8 5 25 9 19 15 1 7 13 17 21 14 2 0 4 12 18 22 26 23 11 
11 23 26 22 18 12 4 0 2 14 21 17 13 7 1 15 19 9 25 5 8 20 28 3 27 29 16 10 24 6 
6 24 10 16 29 27 3 28 20 8 5 25 9 1 15 19 7 13 17 21 14 2 0 4 12 18 22 26 23 11 
6 24 10 16 29 27 3 28 20 8 5 25 9 19 15 1 7 13 17 21 14 2 0 4 12 18 22 26 23 11 
6 24 10 16 29 27 3 28 20 8 5 25 9 19 15 1 7 13 17 21 14 2 0 4 12 18 22 26 23 11 
6 24 10 16 29 27 3 28 20 8 5 25 9 15 1 7 19 13 17 21 14 2 0 4 12 18 22 26 23 11 
6 24 10 16 26 22 18 12 4 0 2 14 21 17 13 7 1 15 19 9 25 5 8 20 28 3 27 29 23 11 
6 24 10 29 16 27 3 28 20 8 5 25 9 1 15 19 7 13 17 21 14 2 0 4 12 18 22 26 23 11 
6 24 10 16 29 27 3 28 20 8 5 25 9 19 15 1 7 13 17 21 14 2 0 4 12 18 22 26 23 11 
6 24 10 16 29 27 3 28 20 8 5 25 9 7 19 15 1 13 17 21 14 0 2 4 12 18 22 26 23 11 
6 24 10 16 29 27 3 28 20 8 5 25 9 1 15 19 7 13 17 21 14 2 0 4 12 18 22 26 11 23 
6 24 10 16 29 27 3 28 20 8 5 25 9 7 19 15 1 13 17 21 14 0 2 4 12 18 22 26 23 11 
6 24 10 16 29 27 3 28 20 8 5 25 9 1 15 19 7 13 17 21 14 2 0 4 12 18 22 26 23 11 
6 24 10 16 29 27 3 28 20 8 5 25 9 1 15 19 7 13 17 21 14 2 0 4 12 18 22 26 11 23 
6 24 10 16 29 27 3 20 8 28 5 25 9 15 1 7 19 13 17 21 14 2 0 4 12 18 22 26 23 11 
6 24 10 16 29 27 3 28 20 8 5 25 9 19 15 1 7 13 17 21 4 0 2 14 12 18 22 26 11 23 
24 6 10 16 29 27 3 28 20 8 5 25 9 7 19 15 1 13 17 21 14 0 2 4 12 18 22 26 23 11 
6 24 10 16 29 27 3 28 20 8 5 25 9 15 1 7 19 13 17 21 14 2 0 4 12 18 22 26 23 11 
6 24 10 16 29 27 3 7 1 15 9 25 5 8 20 28 19 13 17 21 14 2 0 4 12 18 22 26 23 11 
6 24 10 16 29 27 3 28 20 8 5 25 9 15 1 7 19 14 21 13 17 0 2 4 12 18 22 26 23 11 
6 24 10 29 27 16 3 20 28 8 5 25 9 19 15 1 7 13 17 21 14 2 0 4 18 12 22 26 23 11 
6 24 10 16 29 27 3 28 20 8 5 25 9 19 15 1 7 13 17 21 14 2 0 4 18 12 22 26 23 11 
24 6 10 16 29 27 3 28 20 8 5 25 9 19 15 1 7 17 13 21 14 2 0 18 12 4 22 26 23 11 
6 24 10 16 29 27 3 28 20 8 5 25 9 19 15 1 7 13 17 21 14 2 0 4 12 18 22 26 23 11 
6 24 10 16 29 27 3 28 20 8 5 25 9 19 15 1 7 13 17 21 14 2 0 4 12 18 22 26 23 11 
6 24 10 16 29 27 3 28 20 8 5 25 9 19 15 1 13 17 21 7 14 2 0 4 12 18 22 26 23 11 
6 24 10 16 29 27 3 28 20 8 5 25 9 1 15 19 7 13 17 21 14 2 0 4 18 12 22 26 23 11 
6 24 10 16 29 27 3 28 20 8 5 25 9 19 15 1 7 0 2 14 13 17 21 4 12 18 22 26 23 11 
6 24 10 16 29 27 3 28 20 8 5 25 9 15 1 7 19 13 17 21 14 2 0 4 12 18 22 26 23 11 
6 24 10 16 29 27 3 28 20 8 5 25 14 21 17 13 7 15 1 19 9 2 0 4 12 18 22 26 23 11 
