5276.849170
5026.615236
4538.609975
5065.441895
4761.392682
5470.552170
5122.990397
4461.536992
4612.622819
4788.960439
4515.481686
4461.536992
4492.474917
5354.970117
4461.312767
4621.354888
4461.536992
4461.536992
4421.030512
4514.600745
4461.536992
4421.030512
4597.359897
4461.312767
4555.156425
5796.335862
4461.312767
4525.005155
4461.536992
4996.611248
4514.600745
4558.631286
4461.536992
4461.536992
4499.475721
5227.717064
4461.536992
4461.536992
4618.144326
4594.823189
4461.536992
5172.280082
4461.536992
4468.607108
5374.155132
4692.991884
4551.433957
4554.470236
4514.600745
4545.538670
