6 24 10 16 29 27 3 28 20 8 25 9 7 13 17 21 15 1 19 5 14 2 0 4 12 18 22 26 23 11 
6 24 10 16 25 5 8 20 28 3 27 29 9 19 15 1 7 13 17 21 14 2 0 4 12 18 22 26 23 11 
6 24 10 16 29 27 3 28 20 5 8 25 9 1 15 19 7 13 17 21 14 2 0 4 12 18 22 26 23 11 
6 24 10 16 29 27 3 28 20 8 5 25 15 19 9 1 7 13 17 21 14 2 0 4 18 12 22 26 23 11 
6 24 10 16 29 27 3 28 20 8 5 19 1 15 7 25 9 13 17 21 12 14 2 0 4 18 22 26 23 11 
6 24 10 16 29 27 3 28 20 8 5 25 9 15 1 19 7 13 17 21 14 2 0 4 12 18 11 23 26 22 
11 23 26 22 18 12 4 0 2 14 21 17 13 19 7 1 15 5 8 20 28 9 25 3 27 29 16 24 6 10 
6 24 10 16 29 27 3 28 20 8 5 25 9 19 15 1 7 13 17 21 14 2 0 4 12 18 22 26 23 11 
6 24 10 16 29 27 3 28 20 8 5 25 1 15 9 19 7 13 17 21 14 2 0 4 12 18 22 26 23 11 
6 24 10 16 29 27 3 28 20 8 5 25 9 15 19 1 7 13 17 21 14 2 0 4 12 18 22 26 23 11 
6 24 10 16 29 27 3 28 20 8 5 25 9 7 19 15 1 13 17 21 14 2 0 4 12 18 22 26 23 11 
6 24 10 16 29 27 3 28 20 8 5 25 9 19 15 1 7 13 17 21 14 2 0 4 12 18 22 26 23 11 
6 24 10 29 16 27 3 28 20 8 5 25 9 19 15 1 7 13 17 21 14 2 0 4 12 18 22 26 23 11 
6 24 10 16 29 27 3 28 20 8 21 17 13 19 15 1 7 9 25 5 14 2 0 4 18 12 22 26 23 11 
6 24 10 16 29 27 3 28 20 8 5 25 9 15 1 7 19 13 17 21 14 2 0 4 12 18 22 26 23 11 
6 24 10 16 29 27 3 28 20 8 5 25 9 19 15 1 7 13 17 21 14 2 0 4 18 12 22 26 23 11 
6 24 10 16 29 27 3 28 20 8 5 25 9 19 15 1 7 13 17 21 14 2 0 4 12 18 22 26 23 11 
6 24 10 16 29 27 3 28 20 8 5 25 9 19 15 1 7 13 17 21 14 2 0 4 12 18 22 26 23 11 
6 24 10 16 29 27 3 28 20 8 5 25 19 1 15 7 9 13 17 21 14 2 0 4 12 18 22 26 23 11 
6 24 10 16 29 27 3 28 20 8 5 25 9 1 15 19 7 13 17 21 14 2 0 4 12 18 22 26 23 11 
6 24 10 16 29 27 3 28 20 8 5 25 9 19 15 1 7 13 17 21 14 2 0 4 12 18 22 26 23 11 
6 24 10 16 29 27 3 28 20 8 5 25 19 1 15 7 9 13 17 21 14 2 0 4 12 18 22 26 23 11 
6 24 10 16 29 27 3 25 5 8 20 28 9 15 1 7 19 13 17 21 14 2 0 4 12 18 22 26 23 11 
6 24 10 16 29 27 3 28 20 8 5 25 9 15 1 7 19 13 17 21 14 2 0 4 12 18 22 26 23 11 
6 24 10 16 29 27 3 28 20 5 25 8 9 19 15 1 7 13 17 21 14 2 0 4 12 18 22 26 23 11 
11 23 26 22 18 12 4 5 19 15 9 25 8 20 28 1 7 13 17 21 14 2 0 3 27 29 16 10 24 6 
6 24 10 16 29 27 3 28 20 8 5 25 9 15 1 7 19 13 17 21 14 2 0 4 12 18 22 26 23 11 
6 24 10 16 29 27 3 28 20 8 5 25 9 15 1 19 7 13 17 21 14 2 0 4 12 18 22 26 23 11 
6 24 10 16 29 27 3 28 20 8 5 25 9 19 15 1 7 13 17 21 14 2 0 4 12 18 22 26 23 11 
6 24 10 16 29 27 3 28 20 8 5 19 1 15 7 25 9 13 17 21 14 2 0 12 18 22 4 26 23 11 
6 24 10 16 29 27 3 28 20 8 5 25 9 1 15 19 7 13 17 21 14 2 0 4 12 18 22 26 23 11 
6 24 10 16 29 27 3 28 8 5 25 20 9 7 19 1 15 13 17 21 14 2 0 4 12 18 22 26 23 11 
6 24 10 16 29 27 3 28 20 8 5 25 9 19 15 1 7 13 17 21 14 2 0 4 12 18 22 26 23 11 
6 24 10 16 29 27 3 28 20 8 5 25 9 19 15 1 7 13 17 21 14 2 0 4 12 18 22 26 23 11 
6 24 10 16 29 27 3 28 20 8 5 25 9 19 15 1 7 13 17 21 14 2 0 4 12 18 22 26 11 23 
6 24 10 16 29 27 3 28 20 8 5 25 9 15 1 7 14 21 17 13 19 2 0 4 12 18 22 26 23 11 
6 24 10 16 29 27 3 28 20 8 5 25 9 19 15 1 7 13 17 21 14 2 0 4 12 18 22 26 23 11 
6 24 10 16 29 27 3 28 20 8 5 25 9 19 15 1 7 13 17 21 14 2 0 4 12 18 22 26 23 11 
6 24 10 16 29 27 3 28 8 5 25 20 9 7 19 15 1 13 17 21 14 0 2 4 12 18 22 26 23 11 
6 24 10 16 29 27 3 25 9 28 20 8 5 15 1 7 19 13 17 21 14 2 0 4 12 18 22 26 23 11 
6 24 10 16 29 27 3 28 20 8 5 25 9 19 15 1 7 13 17 21 14 2 0 4 12 18 22 26 23 11 
28 20 8 5 25 9 7 1 15 19 13 17 21 2 0 4 12 14 18 22 26 23 11 3 27 29 16 10 24 6 
6 24 10 16 29 27 3 28 20 8 5 25 9 19 15 1 7 13 17 21 14 2 0 4 12 18 22 26 23 11 
6 24 10 16 29 27 3 28 20 8 5 25 9 19 1 15 7 13 17 21 14 2 0 4 12 18 22 26 23 11 
6 24 10 22 18 12 4 0 2 14 21 17 13 7 1 15 19 9 25 5 8 20 28 3 27 29 16 26 23 11 
6 24 10 16 29 27 3 25 9 28 20 8 5 19 15 1 7 13 17 21 14 2 0 4 12 18 22 26 11 23 
24 6 10 16 29 27 3 28 20 8 5 19 1 15 7 25 9 13 17 21 14 2 0 4 12 18 22 26 23 11 
24 6 10 16 29 27 3 28 20 8 5 25 9 19 15 1 7 13 17 21 14 2 0 4 12 18 22 26 23 11 
6 24 10 16 29 27 3 28 20 8 5 25 9 1 15 19 7 13 17 21 14 2 0 4 12 18 22 26 23 11 
6 24 10 29 16 27 3 28 20 8 5 25 9 1 15 19 7 13 17 21 14 2 0 4 12 18 22 26 23 11 
