4502.040371
4410.179612
4410.179612
5037.086058
4410.179612
4360.398674
4449.629918
4520.114777
5549.608636
4559.937826
5076.379657
4360.398674
4445.039742
4410.179612
4499.545033
4410.179612
4523.760779
4520.114777
4421.625434
4445.039742
4410.179612
4562.099865
4360.398674
4410.179612
4410.179612
4410.179612
4451.899125
4445.039742
4887.832624
4523.760779
4728.765810
4542.737969
4449.629918
4410.179612
4445.039742
4704.711026
4410.179612
5029.146962
4468.607108
4360.398674
5539.206915
4552.985023
4413.960396
4656.028468
4451.430597
4410.179612
4606.005710
4410.179612
4517.386033
4360.398674
