6 24 10 16 29 27 3 28 8 20 5 25 1 15 19 7 9 13 17 21 14 2 0 4 12 18 22 26 23 11 
6 24 10 16 29 27 3 28 20 8 5 25 1 15 19 7 9 13 17 21 14 2 0 4 12 18 22 26 23 11 
6 24 10 16 29 27 3 28 20 8 5 25 1 15 19 7 9 13 17 21 14 2 0 4 12 18 22 26 23 11 
6 24 10 16 29 25 20 8 5 28 3 27 9 19 1 15 7 13 17 21 14 2 0 4 12 18 22 26 11 23 
6 24 10 16 29 27 3 28 20 8 5 25 1 15 19 7 9 13 17 21 14 2 0 4 12 18 22 26 23 11 
6 24 10 16 29 27 3 28 20 8 5 25 1 15 7 19 9 13 17 21 14 2 0 4 12 18 22 26 23 11 
6 24 10 16 29 27 3 28 20 8 5 25 15 1 19 7 9 13 17 21 14 2 0 4 12 18 22 26 23 11 
6 24 10 16 29 27 3 28 8 5 20 25 15 1 19 7 9 13 17 21 14 2 0 4 12 18 22 26 23 11 
6 24 10 16 29 27 3 28 20 8 5 25 1 15 19 7 9 13 17 21 14 2 26 22 18 12 4 0 23 11 
6 24 10 16 29 27 3 28 20 5 25 1 15 19 7 8 9 13 17 21 14 2 0 4 12 18 22 26 23 11 
6 24 10 16 29 27 3 28 25 5 8 20 15 19 7 9 1 13 17 21 14 2 0 4 12 18 22 26 23 11 
6 24 10 16 29 27 3 28 20 8 5 25 1 15 7 19 9 13 17 21 14 2 0 4 12 18 22 26 23 11 
6 24 10 16 29 27 3 28 20 5 8 25 19 1 15 7 9 13 17 21 14 2 0 4 12 18 22 26 23 11 
6 24 10 16 29 27 3 28 20 8 5 25 1 15 19 7 9 13 17 21 14 2 0 4 12 18 22 26 23 11 
6 24 10 29 16 27 3 28 20 8 5 25 9 19 1 15 7 13 17 21 14 2 0 4 12 18 22 26 23 11 
6 24 10 16 29 27 3 28 20 8 5 25 1 15 19 7 9 13 17 21 14 2 0 4 12 18 22 26 23 11 
6 24 10 16 29 27 3 28 5 8 20 25 15 1 19 7 9 13 17 21 14 2 0 4 12 18 22 26 23 11 
6 24 10 16 29 27 3 28 8 5 20 25 15 1 19 7 9 13 17 21 14 2 0 4 12 18 22 26 23 11 
6 24 10 16 29 27 3 20 28 8 5 25 1 15 19 7 9 13 17 21 14 2 0 4 12 18 22 26 23 11 
6 24 10 16 29 27 3 28 20 5 8 25 19 1 15 7 9 13 17 21 14 2 0 4 12 18 22 26 23 11 
6 24 10 16 29 27 3 28 20 8 5 25 1 15 19 7 9 13 17 21 14 2 0 4 12 18 22 26 23 11 
11 23 26 18 22 12 4 0 2 14 21 17 13 9 19 7 15 1 25 5 8 20 28 3 27 29 16 10 24 6 
6 24 10 16 29 27 3 28 20 8 5 25 1 15 7 19 9 13 17 21 14 2 0 4 12 18 22 26 23 11 
6 24 10 16 29 27 3 28 20 8 5 25 1 15 19 7 9 13 17 21 14 2 0 4 12 18 22 26 23 11 
6 24 10 16 29 27 3 28 20 8 5 25 1 15 19 7 9 13 17 21 14 2 0 4 12 18 22 26 23 11 
6 24 10 16 29 27 3 28 20 8 5 25 1 15 19 7 9 13 17 21 14 2 0 4 12 18 22 26 23 11 
6 24 10 16 29 27 3 28 20 8 5 25 19 15 1 7 9 13 17 21 14 2 0 4 12 18 22 26 11 23 
6 24 10 16 29 27 3 28 20 5 8 25 19 1 15 7 9 13 17 21 14 2 0 4 12 18 22 26 23 11 
6 24 10 16 29 27 9 7 19 15 1 20 8 5 25 28 3 13 17 21 14 2 0 4 12 18 22 26 23 11 
6 24 10 16 29 27 3 28 5 8 20 25 15 1 19 7 9 13 17 21 14 2 0 4 12 18 22 26 23 11 
6 24 10 16 29 27 3 28 20 5 25 1 15 19 8 7 9 13 17 21 14 2 0 4 12 18 22 26 11 23 
6 24 10 16 29 27 3 28 5 8 20 25 9 19 1 15 7 13 17 21 14 2 0 4 12 18 22 26 23 11 
6 24 10 16 29 27 3 28 20 8 5 25 15 1 19 7 9 13 17 21 14 2 0 4 12 18 22 26 23 11 
6 24 10 16 29 27 3 28 20 8 5 25 1 15 19 7 9 13 17 21 14 2 0 4 12 18 22 26 23 11 
6 24 10 16 29 27 3 28 20 5 8 25 19 1 15 7 9 13 17 21 14 2 0 4 12 18 22 26 23 11 
6 24 10 16 27 29 3 28 20 8 5 25 1 15 19 7 9 13 17 21 14 2 0 4 12 18 22 26 23 11 
6 24 10 16 29 27 3 28 20 8 5 25 1 15 19 7 9 13 17 21 14 2 0 4 12 18 22 26 23 11 
6 24 10 16 29 27 3 28 20 8 5 13 9 7 19 1 15 25 17 21 14 2 0 4 12 18 22 26 23 11 
6 24 10 16 29 27 3 28 20 8 5 25 9 19 1 15 7 13 17 21 14 2 0 4 12 18 22 26 23 11 
11 23 26 22 18 12 4 0 2 14 21 17 13 9 19 7 15 1 25 5 8 20 28 3 27 29 16 10 24 6 
11 23 26 22 18 27 3 28 12 4 0 2 14 21 17 13 9 19 7 15 1 25 5 8 20 29 16 10 24 6 
6 24 10 16 29 27 3 28 20 8 5 25 1 15 19 7 9 21 17 13 14 2 0 4 12 18 22 26 23 11 
6 24 10 16 29 27 3 28 20 8 5 25 19 15 1 7 9 13 17 21 14 2 0 4 12 18 22 26 23 11 
6 24 10 16 29 27 3 28 20 8 5 25 1 15 19 7 9 17 21 14 13 2 0 4 12 18 22 26 23 11 
6 24 10 16 29 27 3 28 20 8 5 19 15 1 7 25 9 13 17 21 14 2 0 4 12 18 22 26 23 11 
6 24 10 16 29 27 3 28 20 8 5 25 1 15 19 7 9 13 17 21 14 2 0 4 12 18 22 26 23 11 
6 24 10 16 29 27 3 28 20 8 5 25 1 15 19 9 7 13 17 21 14 2 0 4 12 18 22 26 23 11 
6 24 10 16 29 27 3 28 20 8 5 25 1 15 19 7 9 13 17 21 14 2 0 4 12 18 22 26 23 11 
6 24 10 16 29 27 3 28 25 5 8 20 1 15 19 7 9 13 17 21 14 2 0 4 12 18 22 26 23 11 
6 24 10 16 29 27 3 28 20 8 5 25 1 15 7 19 9 13 17 21 14 2 0 4 12 18 22 26 23 11 
