0 4 5 12 11 8 7 9 1 2 10 6 14 13 3 
0 4 5 12 11 8 7 9 1 3 10 6 14 2 13 
0 4 5 12 11 8 7 9 1 3 10 6 14 2 13 
0 4 5 12 11 8 7 9 1 3 10 6 14 2 13 
0 4 5 12 11 8 7 9 1 3 10 6 14 2 13 
0 4 5 12 11 8 7 9 1 3 10 6 14 2 13 
0 4 5 12 11 8 7 9 1 3 10 6 14 2 13 
0 4 5 12 11 8 7 9 1 3 10 6 14 2 13 
0 4 5 12 11 8 7 9 1 3 10 6 14 2 13 
0 4 5 12 11 8 7 9 1 3 10 6 14 2 13 
0 4 5 12 11 8 7 9 1 3 10 6 14 2 13 
0 4 5 12 11 8 7 9 1 3 10 6 14 2 13 
0 4 5 12 11 8 7 9 1 3 10 6 14 2 13 
0 4 5 12 11 8 7 9 1 3 10 6 14 2 13 
0 4 5 12 11 8 7 9 1 3 10 6 14 2 13 
0 4 5 12 11 8 7 9 1 3 10 6 14 2 13 
0 4 5 12 11 8 7 9 1 3 10 6 14 2 13 
0 4 5 12 11 8 7 9 1 3 10 6 14 2 13 
0 4 5 12 11 8 7 9 1 3 10 6 14 2 13 
0 4 5 12 11 8 7 9 1 3 10 6 14 2 13 
0 4 5 12 11 8 7 9 1 3 10 6 14 2 13 
0 4 5 12 11 8 7 9 1 3 10 6 14 2 13 
0 4 5 12 11 8 7 9 1 3 10 6 14 2 13 
0 4 5 12 11 8 7 9 1 3 10 6 14 2 13 
0 4 5 12 11 8 7 9 1 3 10 6 14 2 13 
0 4 5 12 11 8 7 9 1 3 10 6 14 2 13 
0 4 5 12 11 8 7 9 1 3 10 6 14 2 13 
0 4 5 12 11 8 7 9 1 3 10 6 14 2 13 
0 4 5 12 11 8 7 9 1 3 10 6 14 2 13 
0 4 5 12 11 8 7 9 1 3 10 6 14 2 13 
0 4 5 12 11 8 7 9 1 3 10 6 14 2 13 
0 4 5 12 11 8 7 9 1 3 10 6 14 2 13 
0 4 5 12 11 8 7 9 1 3 10 6 14 2 13 
0 4 5 12 11 8 7 9 1 3 10 6 14 2 13 
0 4 5 12 11 8 7 9 1 3 10 6 14 2 13 
0 4 5 12 11 8 7 9 1 3 10 6 14 2 13 
0 4 5 12 11 8 7 9 1 3 10 6 14 2 13 
0 4 5 12 11 8 7 9 1 3 10 6 14 2 13 
0 4 5 12 11 8 7 9 1 3 10 6 14 2 13 
0 4 5 12 11 8 7 9 1 3 10 6 14 2 13 
0 4 5 12 11 8 7 9 1 3 10 6 14 2 13 
0 4 5 12 11 8 7 9 1 3 10 6 14 2 13 
0 4 5 12 11 8 7 9 1 3 10 6 14 2 13 
0 4 5 12 11 8 7 9 1 3 10 6 14 2 13 
0 4 5 12 11 8 7 9 1 3 10 6 14 2 13 
0 4 5 12 11 8 7 9 1 3 10 6 14 2 13 
0 4 5 12 11 8 7 9 1 3 10 6 14 2 13 
0 4 5 12 11 8 7 9 1 3 10 6 14 2 13 
0 4 5 12 11 8 7 9 1 3 10 6 14 2 13 
0 4 5 12 11 8 7 9 1 3 10 6 14 2 13 
0 4 5 12 11 8 7 9 1 3 10 6 14 2 13 
0 4 5 12 11 8 7 9 1 3 10 6 14 2 13 
0 4 5 12 11 8 7 9 1 3 10 6 14 2 13 
0 4 5 12 11 8 7 9 1 3 10 6 14 2 13 
0 4 5 12 11 8 7 9 1 3 10 6 14 2 13 
0 4 5 12 11 8 7 9 1 3 10 6 14 2 13 
0 4 5 12 11 8 7 9 1 3 10 6 14 2 13 
0 4 5 12 11 8 7 9 1 3 10 6 14 2 13 
0 4 5 12 11 8 7 9 1 3 10 6 14 2 13 
0 4 5 12 11 8 7 9 1 3 10 6 14 2 13 
0 4 5 12 11 8 7 9 1 3 10 6 14 2 13 
0 4 5 12 11 8 7 9 1 3 10 6 14 2 13 
0 4 5 12 11 8 7 9 1 3 10 6 14 2 13 
0 4 5 12 11 8 7 9 1 3 10 6 14 2 13 
0 4 5 12 11 8 7 9 1 3 10 6 14 2 13 
0 4 5 12 11 8 7 9 1 3 10 6 14 2 13 
0 4 5 12 11 8 7 9 1 3 10 6 14 2 13 
0 4 5 12 11 8 7 9 1 3 10 6 14 2 13 
0 4 5 12 11 8 7 9 1 3 10 6 14 2 13 
0 4 5 12 11 8 7 9 1 3 10 6 14 2 13 
0 4 5 12 11 8 7 9 1 3 10 6 14 2 13 
0 4 5 12 11 8 7 9 1 3 10 6 14 2 13 
0 4 5 12 11 8 7 9 1 3 10 6 14 2 13 
0 4 5 12 11 8 7 9 1 3 10 6 14 2 13 
0 4 5 12 11 8 7 9 1 3 10 6 14 2 13 
0 4 5 12 11 8 7 9 1 3 10 6 14 2 13 
0 4 5 12 11 8 7 9 1 3 10 6 14 2 13 
0 4 5 12 11 8 7 9 1 3 10 6 14 2 13 
0 4 5 12 11 8 7 9 1 3 10 6 14 2 13 
0 4 5 12 11 8 7 9 1 3 10 6 14 2 13 
0 4 5 12 11 8 7 9 1 3 10 6 14 2 13 
0 4 5 12 11 8 7 9 1 3 10 6 14 2 13 
0 4 5 12 11 8 7 9 1 3 10 6 14 2 13 
0 4 5 12 11 8 7 9 1 3 10 6 14 2 13 
0 4 5 12 11 8 7 9 1 3 10 6 14 2 13 
0 4 5 12 11 8 7 9 1 3 10 6 14 2 13 
0 4 5 12 11 8 7 9 1 3 10 6 14 2 13 
0 4 5 12 11 8 7 9 1 3 10 6 14 2 13 
0 4 5 12 11 8 7 9 1 3 10 6 14 2 13 
0 4 5 12 11 8 7 9 1 3 10 6 14 2 13 
0 4 5 12 11 8 7 9 1 3 10 6 14 2 13 
0 4 5 12 11 8 7 9 1 3 10 6 14 2 13 
0 4 5 12 11 8 7 9 1 3 10 6 14 2 13 
0 4 5 12 11 8 7 9 1 3 10 6 14 2 13 
0 4 5 12 11 8 7 9 1 3 10 6 14 2 13 
0 4 5 12 11 8 7 9 1 3 10 6 14 2 13 
0 4 5 12 11 8 7 9 1 3 10 6 14 2 13 
0 4 5 12 11 8 7 9 1 3 10 6 14 2 13 
0 4 5 12 11 8 7 9 1 3 10 6 14 2 13 
0 4 5 12 11 8 7 9 1 3 10 6 14 2 13 
