4520.114777
4360.398674
4421.030512
4410.179612
4360.398674
5120.757363
4466.909725
4410.179612
4466.909725
4453.331918
4434.188842
4360.398674
4434.529535
4445.039742
4360.398674
4484.099982
4413.960396
4484.099982
4410.179612
5065.492698
4360.398674
4393.869823
4360.398674
4360.398674
4449.629918
4413.960396
4360.398674
4636.415423
4360.398674
4410.179612
4410.179612
4468.607108
4492.424636
4999.147329
5042.757490
4410.179612
4449.629918
4809.297123
4445.039742
4360.398674
4410.179612
4410.179612
4480.664472
4448.118341
4413.960396
4410.179612
4360.398674
4360.398674
4410.179612
4434.529535
