6 24 10 16 29 27 3 28 8 5 20 25 15 1 19 7 9 13 17 21 14 2 0 4 12 18 22 26 23 11 
6 24 10 16 29 27 3 28 20 8 5 25 1 15 7 19 9 13 17 21 14 2 0 4 12 18 22 26 23 11 
6 24 10 16 29 27 3 28 20 8 5 25 19 1 15 7 9 13 17 21 14 2 0 4 12 18 22 26 23 11 
6 24 10 16 29 27 3 28 20 8 5 25 1 15 19 7 9 13 17 21 14 2 0 4 12 18 22 26 23 11 
6 24 10 16 29 27 3 28 20 8 5 25 1 15 7 19 9 13 17 21 14 2 0 4 12 18 22 26 23 11 
6 24 10 16 29 27 3 28 20 8 5 25 1 15 7 9 13 17 21 14 19 2 0 4 12 18 22 26 23 11 
6 24 10 16 29 27 3 28 5 8 20 25 15 1 7 19 9 13 17 21 14 2 0 4 12 18 22 26 23 11 
6 24 10 16 29 27 3 28 20 8 5 25 1 15 19 7 9 13 17 21 14 2 0 4 12 18 22 26 23 11 
6 24 10 16 29 27 3 28 5 8 20 25 15 1 7 19 9 13 17 21 14 2 0 4 12 18 22 26 23 11 
24 6 10 16 29 27 3 28 20 8 5 25 1 15 7 19 9 13 17 21 14 2 0 4 12 18 22 26 23 11 
6 24 10 16 29 27 3 28 20 5 8 25 1 15 19 7 9 13 17 21 14 2 0 4 12 18 22 26 23 11 
6 24 10 16 29 27 3 28 20 8 5 25 1 15 7 19 9 13 17 21 14 2 0 4 12 18 22 26 23 11 
6 24 10 16 29 27 3 28 5 8 20 25 1 15 7 19 9 13 17 21 14 2 0 4 12 18 22 26 23 11 
6 24 10 16 29 27 3 28 20 5 8 25 19 1 15 7 9 13 17 21 14 2 0 4 12 18 22 26 23 11 
6 24 10 16 29 27 3 28 20 8 5 25 1 15 7 19 9 13 17 21 14 2 0 4 12 18 22 26 23 11 
6 24 10 16 29 27 3 28 20 5 8 25 19 1 15 7 9 13 17 21 14 0 2 4 12 18 22 26 23 11 
6 24 10 16 29 27 3 28 20 8 5 25 19 15 1 7 9 13 17 21 14 2 0 4 12 18 22 26 23 11 
6 24 10 16 29 27 3 28 20 5 8 25 19 1 15 7 9 13 17 21 14 0 2 4 12 18 22 26 23 11 
6 24 10 16 29 27 3 28 20 8 5 25 1 15 19 7 9 13 17 21 14 2 0 4 12 18 22 26 23 11 
6 24 10 16 29 27 9 7 3 28 20 8 5 25 1 15 19 13 17 21 14 2 0 4 12 18 22 26 23 11 
6 24 10 16 29 27 3 28 20 8 5 25 1 15 7 19 9 13 17 21 14 2 0 4 12 18 22 26 23 11 
11 23 26 22 18 12 4 0 2 14 21 17 13 9 19 7 15 1 8 25 5 20 28 3 27 29 16 10 24 6 
6 24 10 16 29 27 3 28 20 8 5 25 1 15 7 19 9 13 17 21 14 2 0 4 12 18 22 26 23 11 
6 24 10 16 29 27 3 28 20 8 5 25 1 15 7 19 9 13 17 21 14 2 0 4 12 18 22 26 23 11 
6 24 10 16 29 27 3 28 20 8 5 25 15 1 19 7 9 13 17 21 14 2 0 4 12 18 22 26 23 11 
6 24 10 16 29 27 3 28 20 8 5 25 19 15 1 7 9 13 17 21 14 2 0 4 12 18 22 26 23 11 
6 24 10 16 29 27 3 28 20 8 5 25 1 15 7 19 9 13 17 21 14 2 0 4 12 18 22 26 23 11 
29 16 10 24 6 27 3 28 20 8 5 25 1 15 7 19 9 13 17 21 14 2 0 4 12 18 22 26 23 11 
6 24 10 16 29 27 3 28 20 8 5 25 1 15 7 19 9 13 17 21 14 2 0 4 12 18 22 26 23 11 
6 24 10 16 29 27 3 28 20 8 5 25 1 15 19 7 9 13 17 21 14 2 0 4 12 18 22 26 23 11 
6 24 10 16 29 27 3 28 20 8 5 25 1 15 19 7 9 13 17 21 14 2 0 4 12 18 22 26 23 11 
6 24 10 16 29 27 3 28 20 8 5 25 9 19 1 15 7 13 17 21 14 2 0 4 12 18 22 26 23 11 
6 24 10 16 29 27 3 28 8 5 25 20 1 15 19 7 9 13 17 21 14 2 0 4 12 18 22 26 23 11 
6 24 10 16 29 25 20 8 5 28 3 27 9 19 1 15 7 13 17 21 14 2 0 4 12 18 22 26 23 11 
6 24 28 3 27 29 16 10 20 8 5 25 1 15 19 7 9 13 17 21 14 2 0 4 12 18 22 26 23 11 
6 24 10 16 29 27 3 28 20 8 5 25 1 15 19 7 9 13 17 21 14 2 0 4 12 18 22 26 23 11 
11 23 26 22 18 12 4 0 2 14 21 17 13 9 7 19 1 15 25 5 8 20 28 3 27 29 16 10 24 6 
6 24 10 16 29 27 3 28 20 8 5 25 1 15 19 7 9 13 17 21 14 2 0 4 22 12 18 26 23 11 
6 24 10 16 29 27 3 28 20 5 8 25 19 1 15 7 9 13 17 21 14 2 0 4 12 18 22 26 23 11 
11 23 26 22 18 12 4 0 2 14 21 17 13 9 19 7 15 1 25 5 8 20 28 3 27 29 16 10 24 6 
6 24 10 16 29 27 3 28 20 8 5 25 1 15 19 7 9 13 17 21 14 2 0 4 12 18 22 26 23 11 
6 24 10 16 29 27 3 28 20 8 5 25 1 15 19 7 9 13 17 21 14 2 0 4 12 18 22 26 23 11 
6 24 10 16 29 27 3 28 8 5 20 25 1 15 19 7 9 13 17 21 14 2 0 4 12 18 22 26 23 11 
6 24 10 16 29 27 3 28 20 8 5 25 1 15 19 7 9 13 17 21 14 2 0 4 12 18 22 26 11 23 
6 24 10 16 29 27 3 28 20 8 5 25 19 15 1 7 9 13 17 21 14 2 0 4 12 18 22 26 23 11 
6 24 10 16 29 27 3 28 20 8 5 25 1 15 19 7 9 13 17 21 14 2 0 4 12 18 22 26 23 11 
11 23 26 22 18 12 4 0 2 14 21 17 13 9 19 7 15 1 25 5 8 20 28 3 27 29 16 10 24 6 
6 24 10 16 29 27 3 28 20 8 5 25 1 15 7 19 9 13 17 21 14 2 0 4 12 18 22 26 23 11 
6 24 10 16 29 27 3 28 20 8 5 25 1 15 19 7 9 13 17 21 14 2 0 4 12 18 22 26 23 11 
6 24 10 16 29 27 3 28 5 8 20 25 1 15 7 19 9 13 17 21 14 2 0 4 12 18 22 26 23 11 
