5140.700679
5596.631087
4866.376709
4621.354888
4553.397751
4563.261536
5075.812941
4461.536992
4461.536992
4461.536992
4636.834475
4500.597232
4461.536992
4461.536992
4563.261536
4461.536992
4639.181047
4674.622391
4461.536992
5068.577942
4461.536992
5327.919026
5424.408138
4728.695234
4712.561120
5172.175149
4966.575243
4728.307470
4970.382781
5454.259991
4621.500832
5295.578391
4910.087798
5130.101835
4875.207498
4550.100789
4461.536992
5121.304629
4492.474917
5167.690969
4674.622391
4978.253939
4461.536992
5378.150249
4796.652371
4514.600745
4689.898228
4499.475721
4500.597232
4593.758404
