11 23 26 22 18 12 4 21 14 2 0 17 13 7 1 15 19 25 5 28 8 20 3 9 27 29 16 10 24 6 
6 24 10 16 29 14 21 4 12 2 0 17 13 7 1 15 19 9 25 5 28 8 20 3 27 18 22 26 23 11 
6 24 10 16 29 27 3 28 20 8 5 25 9 19 15 1 7 13 17 14 2 0 4 12 18 21 22 26 23 11 
6 24 10 16 29 27 3 28 20 8 5 25 9 19 15 1 7 13 17 21 14 2 0 4 18 12 22 26 23 11 
6 24 10 16 29 27 3 28 8 20 5 25 9 19 15 1 7 13 17 21 14 2 0 4 12 18 22 26 23 11 
6 24 10 16 29 27 3 28 20 8 5 25 9 19 15 1 7 13 17 21 14 2 4 0 12 18 22 26 23 11 
6 24 10 16 29 27 3 28 20 8 5 25 1 15 7 13 19 9 17 0 2 14 21 4 12 18 22 26 23 11 
6 24 10 16 29 27 3 28 20 8 5 25 9 19 15 1 7 13 17 21 14 2 0 4 12 18 22 26 23 11 
6 24 10 16 29 27 3 28 20 8 5 25 9 19 15 1 7 13 17 21 14 2 0 4 12 18 22 26 23 11 
6 24 10 16 29 27 3 28 20 8 5 25 9 19 15 1 7 13 17 21 14 2 0 4 12 18 22 26 23 11 
6 24 10 16 29 27 3 28 20 8 5 25 9 19 15 1 7 13 17 0 2 14 21 4 12 18 22 26 23 11 
6 24 10 16 29 27 3 28 20 8 5 25 9 19 15 1 7 13 17 21 14 0 2 4 12 18 22 26 23 11 
6 24 10 16 29 27 3 28 20 8 5 25 9 19 15 1 7 13 17 21 14 2 0 4 12 18 22 26 23 11 
6 24 10 16 29 27 3 28 20 8 5 25 9 19 15 1 7 13 17 21 14 2 0 4 12 18 22 26 23 11 
6 24 10 16 29 27 3 28 20 8 5 25 9 19 15 1 7 13 17 21 14 2 4 0 12 18 22 26 23 11 
6 24 10 16 29 27 3 28 20 8 5 25 9 19 15 1 7 13 17 21 14 2 0 4 12 18 22 26 23 11 
24 6 10 16 29 27 3 28 20 8 5 25 9 19 15 1 7 13 17 21 14 2 0 4 12 18 22 26 11 23 
6 24 10 16 29 27 3 28 20 8 5 25 9 19 15 1 7 13 17 21 14 4 2 0 18 12 22 26 23 11 
6 24 10 16 29 27 3 28 20 8 5 25 9 19 15 1 7 13 17 21 14 2 0 4 12 18 22 26 23 11 
6 24 10 16 29 27 3 28 20 8 5 25 9 19 15 1 7 18 13 17 21 14 2 0 4 12 22 26 23 11 
6 24 10 16 29 27 3 28 20 8 5 25 9 19 15 1 7 13 17 21 14 2 0 4 12 18 22 26 23 11 
6 24 10 29 3 16 27 28 20 8 5 15 19 9 25 1 7 13 17 21 14 2 0 4 12 18 22 26 23 11 
6 24 10 16 29 27 3 28 20 8 5 25 9 19 15 1 7 13 17 21 14 2 0 4 12 26 22 18 23 11 
6 24 10 16 29 27 3 28 8 20 5 25 9 19 15 1 7 13 17 0 2 14 21 4 12 18 22 26 23 11 
6 24 10 16 29 27 3 28 20 8 5 25 9 19 15 1 7 13 17 21 14 4 2 0 18 12 22 26 11 23 
6 24 10 16 29 3 28 20 8 5 25 9 19 15 1 7 27 13 17 21 14 2 4 0 12 18 22 26 23 11 
6 24 10 16 29 27 3 28 8 5 25 9 20 19 15 1 7 13 21 14 2 17 0 4 12 18 22 26 23 11 
6 24 10 16 29 27 3 20 8 28 5 25 9 19 15 1 7 13 17 21 14 2 0 4 18 12 22 26 23 11 
11 23 26 22 18 12 4 0 2 14 21 17 13 7 1 15 19 9 25 5 8 20 28 6 24 10 16 29 27 3 
6 24 10 16 29 13 7 1 15 19 9 25 5 8 20 27 3 28 17 21 14 2 0 4 12 18 22 26 23 11 
6 24 10 16 29 3 27 28 20 8 5 25 9 19 15 1 7 13 17 21 14 2 0 4 12 18 22 26 23 11 
6 24 10 16 29 27 3 28 20 8 5 25 9 19 15 1 7 12 13 17 0 2 14 21 4 18 22 26 23 11 
6 27 3 29 16 10 24 28 20 8 5 25 9 19 15 1 7 13 17 21 14 2 0 4 12 18 22 26 23 11 
11 23 26 22 18 12 4 0 2 14 21 17 28 13 7 1 15 19 9 25 5 8 20 3 27 29 16 10 24 6 
11 23 26 22 18 12 4 0 2 14 21 17 13 7 19 9 25 20 8 5 28 1 15 3 27 29 16 10 24 6 
6 24 10 16 29 27 3 28 25 5 8 20 9 19 15 1 7 13 17 21 14 2 0 4 12 18 22 26 23 11 
11 23 26 22 18 12 4 0 2 14 21 17 13 7 1 15 19 9 25 5 8 20 28 3 27 29 16 10 24 6 
24 6 10 16 29 8 27 3 28 20 5 25 9 19 15 1 7 13 17 21 14 2 0 4 12 18 22 26 11 23 
6 24 10 29 16 27 3 28 20 8 5 25 9 19 15 1 7 13 17 21 14 2 0 4 12 18 22 26 23 11 
10 6 24 29 16 27 3 28 20 8 5 25 9 19 15 1 7 13 17 0 2 14 21 4 12 18 22 26 23 11 
6 24 10 16 29 27 3 28 20 8 5 25 9 19 15 1 7 13 17 21 14 4 2 0 18 12 22 26 23 11 
6 24 10 16 29 3 28 20 27 8 5 25 9 19 15 1 7 13 17 21 14 2 0 4 12 18 22 26 23 11 
6 24 10 16 29 27 3 28 20 8 5 25 9 19 15 1 7 13 17 21 14 2 0 4 12 18 22 26 23 11 
11 23 26 22 18 12 4 0 2 17 14 21 1 15 19 9 7 13 25 5 20 8 28 3 27 29 16 10 24 6 
6 24 10 16 29 27 3 28 20 8 5 25 9 19 15 1 7 13 17 0 2 14 21 4 18 12 22 26 23 11 
6 24 10 16 29 27 3 28 20 8 5 25 9 1 15 19 7 13 17 21 14 2 0 4 12 18 22 26 23 11 
6 24 10 16 29 27 3 28 20 8 5 25 9 1 15 19 7 13 17 0 2 14 21 4 12 18 22 26 23 11 
6 24 10 16 29 27 3 28 20 8 5 25 9 19 15 1 7 13 17 21 14 2 0 4 12 18 22 26 11 23 
6 24 10 16 29 27 3 28 20 8 5 25 9 19 15 1 7 13 17 21 14 0 2 4 12 18 22 26 23 11 
6 24 10 16 29 27 3 28 20 8 5 25 9 19 15 1 7 17 21 13 14 2 0 4 12 18 22 26 23 11 
