4410.179612
4514.600745
4468.607108
4461.312767
4458.500713
5137.841326
4594.126079
4499.745835
4707.818497
4461.536992
4647.470449
4421.030512
4760.233462
4458.500713
4489.369326
4461.536992
4631.012291
4451.968437
4612.622819
4410.179612
5272.625591
4515.481686
4524.915167
4673.872635
4482.368522
4715.473651
5568.636844
4513.963756
4680.569085
4560.225257
4675.316243
4514.600745
4480.052930
4607.413731
4659.516758
4458.500713
4451.430597
4515.481686
4525.431647
4413.960396
5307.107910
4482.368522
4421.030512
4457.978474
4360.398674
4458.500713
4905.839361
4660.249447
5326.880886
4660.249447
