4441.117537
4658.389769
4360.398674
4448.118341
4489.438638
5480.951579
5019.728934
4451.430597
4495.028886
4421.030512
4410.179612
4441.117537
4410.179612
4458.500713
4410.179612
4360.398674
4660.169232
4549.383438
4458.500713
4410.179612
4535.667853
4807.553787
4421.030512
5052.333408
4410.179612
4421.030512
4636.240869
4410.179612
4451.430597
4909.850405
4413.960396
4929.523148
5535.699872
4794.219465
4410.179612
4451.430597
4445.039742
5939.192133
4413.960396
4625.527757
4410.179612
4468.607108
4980.609230
4965.973969
4707.818497
5379.297370
4410.179612
4410.179612
5344.498591
4562.099865
