5542.398803
4458.500713
4458.500713
4461.536992
4461.536992
4867.636393
4515.481686
4560.225257
4499.745835
4506.735016
4514.600745
5362.358464
4660.249447
4461.536992
4451.968437
4451.430597
4480.052930
4458.500713
4421.030512
4622.784026
4760.233462
4421.030512
4421.030512
4551.433957
4661.284548
4553.660985
4514.600745
4560.246087
4524.915167
4457.978474
4680.569085
4458.500713
4458.500713
4515.481686
4501.796921
4461.312767
4480.052930
4546.419611
4410.179612
5554.495114
4451.430597
5300.792445
4777.817772
5103.073480
4458.500713
5612.108831
4457.978474
4514.600745
4554.470236
4515.481686
