4461.312767
4514.600745
4472.758589
4554.470236
4698.783424
4525.005155
4461.536992
4579.084086
4457.978474
5084.121006
4579.768140
4656.083055
4753.032127
4461.536992
4461.536992
4660.767191
4457.978474
4461.536992
4461.536992
4788.960439
4514.600745
4723.873078
4468.607108
4802.484013
5338.335172
4594.823189
4889.477039
4786.576709
4525.005155
4555.943079
4554.470236
4514.600745
4621.354888
4748.712182
4499.251496
4503.696514
4760.061678
4499.251496
4457.978474
4560.225257
4461.312767
4499.251496
4454.695658
4461.536992
4811.865873
4461.536992
4499.475721
4489.438638
4461.536992
4458.500713
