4461.536992
4618.144326
4568.265350
4568.489575
4461.536992
4458.500713
4514.600745
4514.600745
4545.538670
4461.536992
4762.436401
4627.423937
4454.695658
4514.600745
4554.470236
4461.312767
4492.474917
4552.539474
4809.132159
4706.997925
4472.758589
4461.536992
4506.545837
4597.694232
4706.997925
4729.759810
4833.955872
4871.894601
4461.536992
4461.312767
4980.460939
4858.601320
4461.536992
4461.312767
4732.457578
4545.538670
4461.312767
4621.354888
4514.600745
4461.536992
4808.752573
4621.354888
4461.536992
4514.600745
4461.536992
4472.758589
4826.899168
4461.536992
4461.312767
4554.470236
