5055.368089
5113.984478
5113.984478
5113.984478
5113.984478
5340.878723
5431.087861
5672.863924
5672.863924
5672.863924
5672.863924
5672.863924
5672.863924
5672.863924
5672.863924
5672.863924
5672.863924
5672.863924
5672.863924
5672.863924
5672.863924
5672.863924
5672.863924
5672.863924
5672.863924
5672.863924
5672.863924
5672.863924
5672.863924
5672.863924
5672.863924
5672.863924
5672.863924
5672.863924
5672.863924
5672.863924
5672.863924
5672.863924
5672.863924
5672.863924
5672.863924
5672.863924
5672.863924
5672.863924
5713.894012
5713.894012
5713.894012
5713.894012
5713.894012
5725.677089
5725.677089
5725.677089
5748.812297
5748.812297
5748.812297
5799.733338
5799.733338
5799.733338
5799.733338
5799.733338
5799.733338
5799.733338
5799.733338
5799.733338
5799.733338
5799.733338
5799.733338
5799.733338
5799.733338
5799.733338
5799.733338
5799.733338
5799.733338
5799.733338
5799.733338
5799.733338
5799.733338
5799.733338
5799.733338
5799.733338
5799.733338
5799.733338
5799.733338
5799.733338
5799.733338
5799.733338
5799.733338
5799.733338
5799.733338
5799.733338
5799.733338
5799.733338
5799.733338
5799.733338
5799.733338
5799.733338
5799.733338
5799.733338
5799.733338
5799.733338
