6 24 10 16 29 27 3 8 20 28 5 25 9 21 14 17 13 7 1 15 19 2 0 4 12 18 22 26 23 11 
11 23 26 22 18 12 4 0 20 5 8 2 14 21 17 13 7 1 15 19 9 25 28 3 27 29 16 10 24 6 
6 24 10 16 29 27 3 28 20 5 8 25 9 19 15 1 7 13 17 21 14 0 2 4 12 18 22 26 23 11 
6 24 10 16 29 27 3 28 20 8 5 25 9 19 17 21 13 7 1 15 14 0 2 4 12 18 22 26 23 11 
6 16 24 10 29 27 3 28 20 8 15 19 9 25 5 1 7 13 17 21 14 2 0 4 12 18 22 23 26 11 
6 29 24 10 16 27 3 28 20 8 5 9 25 19 15 1 7 13 17 21 14 2 0 4 12 18 22 26 23 11 
11 24 10 16 29 27 3 28 20 5 25 9 19 8 15 1 7 13 17 21 14 2 0 4 12 18 22 26 23 6 
6 16 24 10 3 27 29 28 15 1 7 20 8 5 25 9 19 13 17 21 14 2 0 4 12 18 22 23 26 11 
24 6 10 16 29 27 3 28 20 8 5 25 9 19 15 1 7 13 17 21 14 2 0 4 12 18 22 23 26 11 
6 24 10 16 29 27 3 28 20 5 25 9 19 8 15 1 7 13 17 21 14 2 0 4 12 18 22 26 23 11 
6 24 22 18 12 4 0 2 13 14 21 17 7 1 15 19 9 25 5 28 20 8 3 27 29 16 10 26 23 11 
11 24 10 16 29 27 3 28 20 5 8 25 9 19 15 1 7 13 17 21 14 2 0 4 12 18 22 26 23 6 
6 24 10 29 27 16 3 28 20 8 5 25 9 19 15 1 7 13 17 21 14 2 0 4 12 18 22 23 26 11 
6 24 10 16 29 27 3 28 20 8 5 25 0 4 12 18 9 19 15 1 7 13 17 21 14 2 22 26 23 11 
6 23 11 26 18 22 12 4 0 2 28 20 8 5 25 9 19 15 1 7 13 17 21 14 3 27 29 16 10 24 
6 24 10 16 27 29 3 28 20 8 5 25 9 19 15 1 7 13 17 21 14 2 0 4 12 22 18 26 23 11 
11 24 10 16 29 27 3 25 9 8 5 19 15 1 20 28 7 13 17 21 14 2 0 4 12 18 22 26 23 6 
6 24 10 16 27 29 3 28 20 8 5 25 9 19 15 1 13 17 7 4 2 21 14 0 12 18 22 23 26 11 
6 24 10 16 29 27 28 20 5 3 8 25 9 19 15 1 7 13 17 21 14 2 0 4 12 18 22 26 23 11 
6 24 10 16 29 27 3 28 20 5 8 25 9 19 15 1 7 13 17 21 18 12 4 0 2 14 22 23 26 11 
6 24 10 16 29 27 3 28 20 8 5 25 9 19 15 1 7 13 17 21 14 0 2 4 12 18 22 26 23 11 
11 26 23 22 18 27 3 28 20 8 5 25 9 19 15 1 7 13 17 21 14 2 12 4 0 29 16 10 6 24 
24 6 10 16 29 27 3 28 20 8 5 25 9 14 21 17 7 1 15 19 2 0 4 12 18 13 22 23 26 11 
6 24 16 29 10 27 3 28 20 8 5 25 9 19 15 1 7 13 17 21 14 0 2 4 12 18 22 26 23 11 
6 24 10 16 27 29 3 28 20 8 5 25 0 4 12 18 9 19 15 1 7 13 17 21 14 2 22 26 11 23 
6 24 10 16 29 27 3 28 20 5 8 25 9 12 4 0 2 14 21 17 13 7 1 15 19 18 22 23 26 11 
6 24 10 16 29 28 20 5 3 8 25 9 19 15 1 7 13 17 21 14 2 27 0 4 12 18 22 26 23 11 
6 24 5 20 28 3 27 29 16 10 8 25 9 19 15 1 7 13 17 21 14 0 2 4 12 18 22 26 23 11 
6 24 10 16 29 27 3 28 20 5 8 25 9 19 15 1 7 13 17 21 14 0 4 2 12 18 22 23 26 11 
6 24 10 16 29 27 3 28 20 8 5 25 9 19 15 1 7 13 17 21 14 2 0 4 12 18 22 26 23 11 
6 24 10 16 27 29 3 28 20 8 5 25 9 19 15 1 7 13 17 21 14 2 0 4 12 18 22 23 26 11 
24 6 10 16 29 27 3 28 20 5 8 25 9 14 21 17 13 7 1 15 19 2 0 4 12 18 22 23 26 11 
6 24 10 16 29 27 3 28 20 5 8 25 9 19 15 1 7 13 17 18 12 4 0 2 14 21 22 23 26 11 
6 24 10 16 29 27 3 28 20 8 5 25 9 23 26 22 18 12 4 0 2 14 21 17 13 7 1 15 19 11 
3 28 20 27 29 16 10 24 6 8 5 25 9 19 15 1 7 13 17 21 14 2 0 4 12 18 23 26 22 11 
24 6 10 16 29 27 3 28 20 8 5 25 9 15 19 1 7 17 21 14 13 2 0 4 12 18 22 23 26 11 
6 24 10 16 29 27 3 28 20 8 5 25 9 19 15 1 7 13 17 21 14 0 2 4 12 18 22 26 23 11 
6 24 10 16 29 27 3 8 20 28 5 25 9 19 15 1 7 17 21 14 13 2 0 4 11 23 26 22 18 12 
11 24 10 16 29 27 3 5 25 9 19 28 20 8 15 1 7 13 21 14 2 17 0 4 12 18 22 26 23 6 
11 23 26 22 18 12 14 21 17 13 7 1 15 19 4 0 2 9 25 5 16 29 27 3 28 20 8 10 24 6 
6 24 10 16 29 27 3 5 25 28 20 8 7 1 15 19 9 13 17 21 2 14 0 4 12 18 22 23 26 11 
6 24 10 16 27 29 3 28 20 5 8 25 9 19 15 1 7 13 17 21 14 0 2 4 12 18 22 26 23 11 
6 16 24 10 3 27 29 28 20 8 5 25 9 19 15 1 7 13 17 0 21 14 2 4 12 18 22 23 26 11 
6 29 24 10 16 27 3 28 20 8 5 15 1 9 19 25 7 13 17 21 14 2 0 4 12 18 22 26 23 11 
24 6 10 16 29 27 3 28 20 5 8 25 9 19 15 1 7 13 17 21 14 0 18 12 4 2 22 23 26 11 
6 24 10 16 29 27 3 5 25 28 20 8 9 19 15 1 7 13 17 21 14 2 0 4 12 22 18 26 23 11 
6 24 10 16 29 27 3 28 20 8 15 1 7 19 9 25 5 13 17 21 2 18 12 4 0 14 22 23 26 11 
11 24 10 16 29 27 3 5 25 9 19 8 15 1 20 28 7 13 17 21 14 2 0 4 12 18 22 26 23 6 
6 24 10 16 29 27 3 0 4 2 28 20 8 5 25 9 19 15 1 7 13 17 21 14 12 18 22 26 23 11 
11 24 10 16 29 27 3 28 20 8 5 25 9 19 15 1 7 13 17 21 14 2 0 4 12 18 22 26 23 6 
