4410.179612
5430.186926
4410.179612
4360.398674
4448.118341
4448.118341
4695.988644
4410.179612
4445.039742
4629.170753
4448.118341
4520.114777
4410.179612
4410.179612
5063.068045
5065.078054
4580.676698
4562.099865
4413.960396
4881.715399
4517.386033
4360.398674
4523.760779
4445.039742
4451.430597
4542.737969
4896.258187
4360.398674
4449.629918
4410.179612
4552.337254
4410.179612
5163.248286
4445.039742
4410.179612
4410.179612
4410.179612
4553.155140
4410.179612
4451.430597
4499.545033
4552.985023
4410.179612
4410.179612
4410.179612
4360.398674
4753.515394
5465.988969
4606.005710
4410.179612
