5694.262899
4978.253939
4552.539474
4800.918513
4796.652371
4461.536992
4639.181047
4651.683058
4461.536992
4461.536992
4900.515458
4461.536992
4461.536992
5126.539083
5662.536861
4485.546222
4461.312767
4461.536992
4636.834475
4461.536992
4461.536992
5415.453278
4461.536992
4485.546222
4499.475721
4499.475721
4500.597232
4592.457991
4593.527379
4711.122388
5224.296075
4866.376709
4568.489575
4461.536992
5347.721846
4621.354888
5122.774123
4709.918684
4593.758404
4689.898228
5228.541782
4896.122735
4983.872727
4461.536992
4674.622391
4514.600745
5167.690969
4728.307470
4477.238072
4514.600745
