6286.441613
6249.933910
4461.536992
6654.764490
6438.987138
6316.425306
6351.504115
4461.536992
5783.558310
5258.329256
6139.996945
5961.853749
5537.515579
5332.728628
5324.308134
5149.453096
4845.005098
5901.941913
6551.531337
6073.058292
4900.484615
6760.056202
6426.265432
6076.919669
6368.836395
5895.426979
6036.878015
5897.858738
5330.238138
5580.690947
6093.189287
5145.355177
5586.564755
5688.425068
5311.628114
5811.959397
6354.088264
5908.799400
5902.725822
6302.253350
6056.895136
4568.191910
4985.804737
6441.506153
6555.475517
5830.880681
4791.846808
5712.167174
4616.403602
5343.301145
