6 24 10 16 3 27 29 28 20 8 5 25 9 19 15 1 7 13 17 21 14 2 0 12 22 18 26 23 11 4 
11 26 23 2 0 4 12 18 22 17 21 14 13 7 15 19 25 5 8 20 28 3 27 29 16 10 1 9 24 6 
6 24 10 16 29 27 3 28 20 8 5 25 9 19 15 1 7 13 17 21 14 2 0 4 12 18 22 26 23 11 
20 8 5 6 24 10 16 29 27 3 4 0 2 14 21 17 13 7 25 9 19 15 1 28 18 12 22 23 26 11 
6 24 10 16 29 27 22 18 12 17 13 7 3 1 15 19 9 25 5 8 20 28 4 0 2 14 21 23 26 11 
23 26 11 6 24 10 3 16 29 27 5 25 8 7 20 28 1 17 21 13 15 19 9 14 2 0 4 12 18 22 
6 24 10 29 16 27 3 25 5 8 28 19 9 15 1 20 7 13 17 21 14 0 4 12 18 22 23 2 26 11 
6 24 10 16 29 27 3 28 20 8 5 25 9 19 15 1 7 13 17 21 14 2 0 4 12 18 22 26 23 11 
6 24 10 16 29 27 3 28 20 8 25 9 19 15 1 7 13 17 18 12 4 0 2 14 21 5 22 23 26 11 
6 16 24 10 29 27 3 7 1 15 19 9 25 5 8 20 28 13 17 21 14 2 0 4 12 18 22 23 26 11 
24 10 16 29 27 6 14 21 2 0 4 17 13 7 1 15 19 9 25 5 8 20 3 28 12 18 22 11 26 23 
6 23 26 22 18 12 4 0 2 14 21 17 13 7 1 15 9 25 24 10 16 29 27 3 19 5 8 20 28 11 
6 27 29 16 10 24 3 28 8 5 25 9 19 20 15 1 7 13 14 21 17 2 0 4 12 18 22 11 23 26 
6 24 10 16 29 27 3 28 8 5 25 9 19 15 1 7 13 17 21 20 14 2 0 4 12 18 22 11 26 23 
6 24 10 16 29 27 3 5 25 9 19 15 1 8 20 28 7 13 17 18 12 4 0 2 21 14 22 23 26 11 
29 6 24 10 16 27 3 28 20 8 5 25 9 19 15 1 7 13 17 21 14 0 2 4 12 18 22 23 26 11 
6 24 10 16 3 27 29 28 20 8 5 25 9 19 15 1 7 13 17 21 14 2 0 4 12 18 22 23 26 11 
23 26 10 16 29 27 28 3 19 15 1 9 25 5 8 20 7 13 17 21 14 2 0 4 12 18 22 11 6 24 
11 23 26 22 18 12 4 0 2 3 28 20 14 21 17 13 7 1 15 9 25 5 8 27 29 16 10 24 19 6 
24 6 10 16 29 27 3 20 22 21 14 2 0 4 12 18 17 13 28 7 1 15 19 9 25 5 8 23 26 11 
6 24 10 16 29 27 3 7 1 15 19 9 25 5 8 20 28 13 17 21 14 2 0 4 12 22 18 26 23 11 
24 10 16 29 27 6 3 28 9 15 1 7 13 17 21 14 19 25 2 0 20 8 5 4 12 18 22 23 26 11 
6 28 20 8 24 10 16 29 27 3 4 0 2 14 5 25 9 19 15 1 7 13 21 17 12 18 22 11 26 23 
6 24 10 16 25 8 20 28 3 5 27 29 9 15 19 1 7 13 14 21 17 2 0 4 12 18 22 23 26 11 
6 24 10 16 29 27 3 28 8 12 4 0 2 14 20 21 17 13 7 1 15 19 9 25 5 18 22 23 26 11 
6 24 10 16 29 19 9 25 27 3 28 8 5 15 1 7 13 17 21 20 14 2 0 4 12 18 22 23 26 11 
11 24 10 16 29 27 3 7 1 15 19 9 25 5 8 20 28 13 23 26 22 18 12 4 0 2 14 21 17 6 
6 24 10 16 29 27 3 5 8 7 1 15 19 9 25 20 13 28 17 18 12 4 0 2 14 21 22 23 26 11 
6 24 10 16 29 27 3 7 1 5 8 20 28 25 9 19 15 13 17 2 21 14 0 4 12 18 22 23 26 11 
6 24 28 3 10 16 29 27 5 20 8 25 9 19 15 1 7 13 17 21 14 0 4 12 2 18 22 23 26 11 
6 24 10 16 29 27 3 5 8 20 28 25 9 19 15 1 12 4 0 14 21 2 17 13 7 18 22 23 26 11 
6 24 10 16 29 27 3 5 8 28 25 9 19 20 15 1 7 13 17 21 14 2 0 4 12 18 22 11 26 23 
6 24 10 16 3 27 29 28 20 8 5 25 9 19 21 17 13 7 1 15 14 2 0 4 12 22 18 26 23 11 
29 6 24 22 18 12 4 2 0 14 21 17 13 7 1 15 19 9 25 5 8 20 28 3 27 16 10 23 26 11 
24 6 10 16 29 27 3 28 8 5 25 9 19 15 1 7 13 17 21 20 14 2 0 4 12 18 22 23 26 11 
29 6 24 10 16 26 23 22 18 12 4 2 0 14 21 17 13 7 1 15 19 9 25 5 8 20 28 3 27 11 
23 11 26 10 16 27 6 24 3 29 5 25 8 7 20 28 1 9 19 15 13 17 21 14 2 0 4 12 18 22 
29 6 24 10 16 27 3 28 20 8 5 25 9 19 15 1 7 13 17 21 14 0 2 4 12 18 23 22 26 11 
23 26 11 6 24 10 3 28 9 15 1 7 13 17 21 14 19 25 5 8 20 16 29 27 2 0 4 12 18 22 
23 11 26 6 24 10 16 29 27 3 4 0 2 14 21 17 13 7 5 25 8 20 28 1 9 19 15 12 22 18 
6 24 10 16 29 27 3 5 8 28 19 25 9 0 4 12 18 2 14 21 17 13 20 15 1 7 22 23 26 11 
6 24 10 16 29 27 3 28 20 8 5 25 9 19 15 1 7 13 17 21 14 2 0 4 12 18 22 23 26 11 
6 24 10 16 29 27 3 28 20 8 5 25 9 19 15 1 7 13 4 12 17 21 14 2 0 18 22 23 26 11 
6 24 16 29 27 3 28 20 8 5 25 9 19 15 1 7 13 4 12 17 21 14 2 10 0 18 22 26 23 11 
26 11 6 15 19 9 16 10 25 5 8 1 7 13 17 21 14 2 0 4 12 18 22 20 28 3 27 29 24 23 
6 24 10 16 29 27 3 25 5 8 28 19 9 15 1 7 13 17 21 14 2 20 0 4 12 18 22 23 26 11 
6 24 10 16 29 27 3 5 8 28 20 25 9 19 7 1 15 13 14 21 17 2 0 4 12 18 22 23 26 11 
6 24 10 16 27 5 3 28 20 29 8 25 9 19 15 1 7 13 17 21 14 0 4 12 2 18 22 23 26 11 
6 24 10 16 29 27 3 28 20 8 5 25 19 9 15 1 7 13 17 21 14 2 0 4 12 18 22 26 23 11 
6 24 10 16 29 27 5 3 28 20 8 1 15 19 9 25 7 13 17 21 14 0 4 12 2 18 22 23 26 11 
