4813.035220
5004.026296
5832.393393
4705.562492
5327.800460
4493.755898
4538.609975
4599.129835
5226.838073
4568.191910
4568.191910
4729.892245
4794.511023
6172.406649
4873.551523
5405.255916
4781.180208
4759.153657
4642.754874
4493.755898
4965.648201
4724.748286
5075.305756
4652.498739
5618.807911
4702.298423
4746.266566
4524.606462
5168.682471
4492.474917
4723.873078
5075.194084
4461.536992
4627.764369
4492.474917
4652.498739
5052.300583
4461.536992
4525.005155
5071.995962
4472.982814
4934.909982
4961.994718
5349.774840
4915.407491
5251.380085
5172.374999
4896.844761
4673.304838
5066.954319
