6 24 27 10 29 16 3 28 20 8 5 25 9 19 15 1 7 13 17 21 14 2 0 4 12 18 22 23 26 11 
6 24 10 16 29 27 3 28 20 8 5 25 9 19 15 1 7 13 17 12 18 0 21 14 2 4 22 26 23 11 
6 24 10 16 29 27 3 28 0 2 14 17 13 20 5 7 1 8 25 9 19 15 21 4 12 18 22 26 23 11 
6 24 10 16 29 27 3 5 25 8 20 28 9 1 15 19 7 13 17 21 14 2 0 4 12 18 22 26 23 11 
6 24 10 16 20 28 3 29 27 5 25 9 19 8 15 1 7 13 17 21 14 2 0 4 12 18 22 26 23 11 
6 24 10 16 29 27 3 28 20 8 5 25 9 7 1 15 19 13 17 21 14 0 2 4 12 18 22 26 23 11 
6 24 10 16 29 27 3 28 20 5 8 25 9 1 15 19 7 13 17 21 14 2 0 4 12 18 22 26 23 11 
6 24 10 29 16 27 3 28 20 8 5 25 9 19 15 1 7 13 17 21 14 2 0 4 12 18 22 23 26 11 
11 24 10 16 29 27 3 28 20 5 8 25 19 1 9 15 7 13 17 21 14 2 0 4 12 18 22 26 23 6 
6 24 10 16 29 27 3 28 20 8 5 25 9 19 15 1 7 13 17 21 14 2 0 4 12 18 22 23 26 11 
6 24 10 16 29 27 3 28 20 8 5 25 9 19 15 1 7 13 17 21 14 2 0 4 12 18 22 23 26 11 
6 24 10 16 29 27 3 28 20 5 8 25 9 19 15 1 7 13 17 21 14 0 18 12 4 2 22 26 23 11 
6 24 10 29 27 16 3 28 20 8 5 25 9 19 15 1 7 13 17 21 14 0 2 4 12 18 22 26 23 11 
11 24 26 10 16 27 29 3 28 20 8 5 25 9 19 15 1 7 13 17 21 14 2 0 4 22 18 12 23 6 
6 24 10 29 27 16 3 20 28 8 5 25 9 19 15 1 7 13 17 21 14 2 0 4 12 18 22 23 26 11 
11 24 10 16 29 27 3 28 20 8 5 25 9 19 15 1 7 13 17 12 18 0 14 21 4 2 22 23 26 6 
6 24 10 16 3 27 29 28 20 8 5 25 7 1 15 19 9 13 17 21 2 14 0 4 12 18 22 26 23 11 
6 24 10 16 29 27 3 5 25 8 20 28 9 19 15 1 7 13 17 21 14 2 0 4 12 18 22 23 26 11 
6 24 10 16 29 27 3 5 8 20 28 25 9 19 15 1 7 13 17 21 14 0 2 4 12 18 22 26 23 11 
6 24 10 16 29 27 3 28 20 8 5 25 9 7 1 15 19 13 17 21 14 0 2 4 12 18 22 26 23 11 
6 24 10 16 29 27 3 28 20 8 5 25 9 19 15 1 7 13 17 12 18 0 14 21 4 2 22 26 23 11 
6 24 10 16 29 27 3 28 20 5 25 9 19 8 15 1 7 13 17 21 14 2 0 4 12 18 22 26 23 11 
11 24 10 16 29 27 3 28 20 5 8 25 9 15 19 1 7 13 17 21 14 2 0 4 12 18 22 26 23 6 
6 24 10 16 29 27 3 5 25 8 20 28 9 19 15 1 7 13 17 21 14 2 0 4 12 18 22 26 23 11 
11 24 10 16 29 27 3 5 25 28 20 8 7 1 15 19 2 9 13 17 21 14 0 4 12 18 22 26 23 6 
6 24 10 16 29 27 3 28 20 8 5 25 9 19 15 1 7 13 17 21 14 0 2 4 12 22 18 26 23 11 
6 24 10 16 29 27 3 28 20 8 5 25 9 19 15 1 7 13 14 2 0 17 21 4 12 18 22 23 26 11 
6 24 10 16 29 27 3 28 20 5 8 25 9 19 15 1 7 13 17 21 14 0 2 4 12 18 22 26 23 11 
24 6 10 16 29 27 3 28 20 5 25 9 19 8 15 1 7 13 17 21 14 0 18 12 4 2 22 23 26 11 
6 24 10 29 16 27 3 28 20 8 5 25 9 19 15 1 7 13 17 21 14 2 0 4 12 18 22 26 23 11 
11 24 10 16 29 27 3 28 20 8 5 25 9 19 15 1 7 13 17 21 14 2 0 4 12 18 22 26 23 6 
6 24 10 16 29 27 3 28 20 8 5 25 9 19 13 15 1 7 17 21 14 2 0 4 12 18 22 23 26 11 
6 24 10 16 29 27 3 28 20 8 5 25 9 19 15 1 7 13 17 21 14 2 0 4 12 18 22 26 23 11 
6 24 10 16 29 27 3 5 28 20 8 25 9 19 15 1 7 13 17 21 14 2 0 4 12 18 22 26 23 11 
6 24 10 29 16 27 3 28 20 8 5 25 9 19 15 1 7 13 17 21 14 2 0 4 12 18 22 26 23 11 
6 24 10 16 29 27 3 5 25 8 20 28 9 19 15 1 7 13 17 21 14 2 0 4 12 18 22 26 23 11 
6 24 10 16 29 27 3 28 20 5 8 25 9 19 15 1 7 0 2 14 17 13 21 4 12 22 18 26 23 11 
6 24 10 16 29 27 3 28 20 8 5 25 9 19 15 1 7 13 17 21 14 2 0 4 12 18 22 26 23 11 
6 24 10 16 29 27 3 28 20 8 5 25 9 15 1 19 7 13 17 21 14 2 0 4 12 18 22 26 23 11 
6 24 10 16 27 29 3 28 20 8 5 25 9 19 15 1 7 13 17 21 14 2 12 18 0 4 22 26 23 11 
6 24 10 16 29 27 3 20 28 8 5 25 9 19 15 1 7 13 17 21 14 2 0 4 12 18 22 26 23 11 
6 24 10 16 29 27 3 28 20 8 5 25 9 19 15 1 7 13 17 21 14 12 2 0 4 22 18 26 23 11 
6 24 10 16 29 27 3 7 1 15 8 19 9 25 5 20 28 13 17 21 14 2 0 4 12 18 22 26 23 11 
11 24 10 16 29 27 3 28 20 8 5 25 9 15 1 7 19 13 17 21 14 12 2 0 4 22 18 23 26 6 
6 10 24 16 29 27 3 28 20 8 5 25 9 19 15 1 7 13 17 21 14 2 0 4 12 18 22 23 26 11 
11 26 23 22 18 12 4 0 14 2 21 17 9 15 1 19 7 13 25 8 5 20 28 3 27 29 16 10 6 24 
24 10 6 29 16 27 3 28 20 8 5 25 9 19 15 1 7 13 17 21 14 0 2 4 12 22 18 23 26 11 
6 24 10 16 29 27 3 5 25 8 20 28 9 19 15 1 7 13 17 21 14 0 18 12 4 2 22 26 23 11 
6 24 10 16 29 27 3 5 25 28 20 8 9 19 15 1 7 13 17 21 14 2 0 4 12 18 22 26 23 11 
24 6 10 16 27 29 3 28 20 8 25 5 9 19 1 15 7 13 17 21 14 0 2 4 12 18 22 23 26 11 
