4587.823667
4410.179612
4410.179612
4410.179612
4448.118341
4535.667853
4869.094204
5150.636175
4413.960396
5775.957617
4413.960396
4451.430597
4445.039742
4410.179612
4802.588584
4410.179612
4631.562320
4542.737969
4553.155140
5578.436849
4445.039742
4410.179612
4482.978471
4499.545033
4360.398674
4448.118341
4410.179612
4523.760779
4360.398674
5831.440384
4449.629918
4410.179612
4410.179612
4925.802191
4410.179612
4448.118341
4873.081055
4929.523148
4421.030512
4410.179612
5739.133008
4863.070525
4651.008038
4451.430597
4410.179612
4562.099865
4495.161373
4461.536992
4410.179612
4502.040371
