5254.227548
4779.460013
4485.546222
4621.354888
5066.148491
4461.536992
4738.350180
4461.536992
4461.536992
4461.312767
4592.457991
4593.527379
4688.420261
4499.475721
4581.531679
4658.925798
6140.947855
4461.536992
4728.307470
4461.536992
4461.536992
4621.130663
4492.474917
4674.418641
4461.536992
4461.536992
4461.536992
4700.788976
4461.536992
4593.527379
4492.474917
4674.418641
4461.312767
4499.475721
4552.539474
5410.309281
5060.960832
4676.442263
4461.536992
4515.481686
4593.527379
4593.527379
4812.512899
4461.312767
4461.312767
4621.354888
4514.600745
5355.891838
4837.764401
4652.260514
