4871.380288
4461.536992
5147.145176
4837.764401
4461.536992
4748.393989
4593.527379
4593.303154
4711.122388
4461.536992
4737.069550
4461.312767
4461.536992
4461.536992
4658.925798
5165.136017
4461.536992
4738.125955
4461.536992
4562.545191
4472.982814
4515.481686
4938.778349
4652.292812
4593.758404
4621.354888
4978.359383
4499.475721
4461.536992
4833.731646
4461.536992
4616.403602
5410.309281
4461.536992
4837.764401
4552.539474
4461.312767
4674.418641
4660.458313
4535.446596
4499.475721
4461.312767
4461.536992
4461.536992
4531.535157
4621.354888
4499.475721
4674.418641
4777.410420
4461.536992
