11 23 26 22 12 18 4 0 2 14 21 17 13 1 15 19 9 25 5 7 8 20 28 3 27 29 16 10 24 6 
6 24 10 16 29 27 3 28 20 8 5 25 9 19 15 1 7 13 17 21 14 2 0 4 12 18 22 26 23 11 
6 24 10 16 29 27 3 28 20 8 5 25 15 1 7 19 13 17 21 14 2 9 0 4 12 18 22 26 23 11 
6 24 10 16 29 27 3 28 20 8 5 25 9 19 15 1 7 14 2 0 4 21 17 13 12 18 22 26 23 11 
6 24 10 16 29 27 3 28 20 8 5 25 9 19 15 1 7 13 17 21 14 2 0 4 12 18 22 26 23 11 
6 24 10 16 29 27 3 28 20 8 5 25 19 9 15 1 7 13 17 21 14 4 2 0 12 18 22 26 23 11 
6 24 10 16 29 27 3 28 20 8 5 25 9 19 15 1 7 13 17 21 14 4 2 0 12 18 22 26 23 11 
6 24 10 16 29 27 3 28 20 8 5 25 9 15 1 7 19 13 17 21 14 4 2 0 12 18 22 26 23 11 
6 24 10 16 29 27 3 28 20 8 5 25 9 19 15 1 7 13 17 0 2 21 14 4 12 18 22 26 23 11 
23 26 22 18 12 4 0 2 14 21 17 13 7 1 15 19 9 25 5 8 20 28 3 27 29 16 10 24 6 11 
11 23 26 22 18 12 4 0 2 14 21 17 9 13 19 7 1 15 25 5 8 20 28 3 27 29 16 10 24 6 
6 24 10 16 29 27 3 28 20 8 5 25 9 15 1 7 19 13 17 21 14 2 0 4 12 18 22 26 23 11 
6 24 10 16 29 27 3 28 20 8 5 25 9 19 15 1 7 13 17 21 14 2 0 4 12 18 22 26 23 11 
6 24 10 16 29 27 3 28 20 8 5 25 9 19 15 1 7 13 17 21 14 2 0 4 12 18 22 26 23 11 
6 11 23 26 22 18 12 4 0 2 14 13 21 17 7 1 15 19 9 5 25 8 20 28 3 27 29 16 10 24 
6 24 10 16 29 27 3 15 19 9 25 5 28 8 20 1 7 13 17 21 14 2 0 4 12 18 22 26 23 11 
6 24 10 16 29 27 3 28 20 8 5 25 9 19 15 1 7 13 17 21 14 2 0 4 12 18 22 26 23 11 
6 24 10 16 3 27 29 28 20 8 5 25 9 15 1 7 19 13 17 21 14 2 0 4 12 18 22 26 23 11 
6 24 10 16 29 27 3 28 20 8 5 25 9 19 15 1 7 13 17 21 14 2 0 4 12 18 22 26 23 11 
23 11 26 22 18 12 4 2 0 14 21 17 13 7 1 15 19 9 25 8 5 20 28 3 27 29 16 10 24 6 
6 24 10 16 29 27 3 20 28 8 5 25 9 19 15 1 7 13 17 21 14 2 0 4 12 18 22 26 23 11 
6 24 10 16 29 27 3 28 20 8 5 25 9 7 19 15 1 13 17 21 14 2 0 4 12 18 22 26 23 11 
11 24 10 16 29 27 3 28 20 8 5 25 9 19 15 1 7 13 21 14 17 0 2 4 12 18 22 26 23 6 
6 24 10 29 16 27 3 28 20 8 5 25 9 19 15 1 7 13 17 21 14 2 0 4 18 12 22 26 23 11 
6 24 10 16 29 27 3 28 20 8 5 25 9 19 15 1 7 17 21 13 14 2 0 4 12 18 22 26 23 11 
6 24 10 16 29 27 3 28 20 8 5 25 9 19 15 1 7 13 17 21 14 2 0 4 18 12 22 26 23 11 
6 24 10 16 29 27 3 20 8 28 5 25 9 19 15 1 7 14 21 13 17 2 0 4 18 12 22 26 23 11 
6 24 10 16 29 27 3 28 20 8 5 25 9 19 15 1 7 13 17 21 14 2 0 4 12 18 22 26 11 23 
6 24 10 16 29 27 3 28 20 8 5 25 9 19 15 1 7 13 17 21 14 2 0 4 12 18 22 26 23 11 
6 24 10 29 27 3 28 20 16 8 5 25 9 15 1 7 19 13 17 21 14 2 0 4 12 18 22 26 23 11 
6 24 10 16 29 27 3 28 20 8 5 25 9 19 15 1 7 13 17 21 14 2 0 4 12 18 22 26 23 11 
6 24 10 16 29 27 3 28 20 8 5 25 19 9 15 1 7 13 17 21 14 2 0 4 12 18 22 26 23 11 
6 24 10 16 29 27 3 28 20 8 5 25 9 19 15 1 14 7 21 17 13 2 0 4 12 18 22 26 23 11 
6 24 10 16 29 27 3 28 20 8 5 25 9 19 15 1 7 13 17 21 14 2 0 4 12 18 22 26 23 11 
6 24 10 16 29 27 3 28 20 8 5 25 9 19 15 1 7 14 2 0 4 21 17 13 12 18 22 26 23 11 
6 24 10 16 29 27 3 28 20 8 5 25 9 1 15 19 7 13 17 21 14 2 0 4 12 18 22 26 11 23 
6 24 10 16 29 27 3 28 20 8 5 25 9 15 1 7 19 13 17 21 14 2 0 4 12 18 22 26 23 11 
6 24 10 16 29 27 3 28 20 8 5 25 9 1 15 19 7 13 17 21 14 2 0 4 18 12 22 26 23 11 
6 24 10 16 29 27 3 28 20 8 5 25 9 19 15 1 7 13 21 17 14 4 2 0 12 18 22 26 23 11 
6 24 10 16 29 27 3 28 20 8 5 25 9 19 15 1 7 13 17 14 21 2 0 4 12 18 22 26 23 11 
6 24 10 16 29 27 3 28 20 8 5 25 9 19 15 1 7 13 17 21 14 2 0 4 12 18 22 26 11 23 
6 24 10 16 29 27 3 28 20 8 5 25 9 15 1 7 19 13 17 21 14 2 0 4 12 18 22 26 23 11 
6 24 10 16 29 27 3 28 20 8 5 25 9 19 15 1 7 13 17 21 14 2 0 4 12 18 22 26 23 11 
6 24 10 16 29 27 3 28 20 8 5 25 9 19 15 1 7 13 17 21 14 2 0 4 12 18 22 26 23 11 
6 24 10 29 16 27 3 28 20 8 5 25 9 19 15 1 7 13 17 21 14 0 2 4 12 18 22 26 23 11 
6 24 10 16 29 27 3 28 20 8 5 25 9 19 15 1 7 13 17 21 14 2 0 4 18 12 22 26 23 11 
6 24 10 16 29 27 3 28 20 8 5 25 9 19 15 1 7 13 17 21 14 2 0 4 12 18 22 26 11 23 
6 24 10 16 29 27 3 28 20 8 5 25 9 1 15 19 7 13 17 21 14 2 0 4 18 12 22 26 23 11 
6 24 10 16 3 27 29 28 20 8 5 25 9 19 15 1 7 13 17 21 14 0 2 4 12 18 22 26 23 11 
6 24 10 16 29 27 3 28 20 8 5 25 9 19 15 1 7 13 17 21 14 2 0 4 12 18 22 26 23 11 
