4461.536992
5145.598095
4535.446596
4553.420415
4855.618375
4593.758404
4593.527379
4621.500832
4837.764401
4592.457991
4800.918513
4461.312767
4526.704386
4461.536992
5057.059166
5542.554351
4796.652371
4499.475721
4477.238072
4514.600745
4500.597232
4601.200265
4461.536992
4461.536992
4461.536992
4714.366078
4674.622391
4499.475721
4708.654577
4552.539474
4702.649210
4461.536992
4461.536992
4552.539474
4737.553741
4997.416404
4461.536992
4461.312767
4759.245395
4538.535961
4688.420261
5411.118756
4780.077636
4674.418641
4514.600745
4621.354888
4461.312767
4461.536992
5197.750315
4593.527379
