4807.678051
4823.660706
4828.206062
4828.206062
4828.206062
4828.206062
4828.206062
4828.206062
4828.206062
4828.206062
4828.206062
4828.206062
4828.206062
4828.206062
4828.206062
4828.206062
4828.206062
4828.206062
4828.206062
4828.206062
4828.206062
4828.206062
4828.206062
4828.206062
4828.206062
4828.206062
4828.206062
4828.206062
4828.206062
4828.206062
4828.206062
4828.206062
4828.206062
4828.206062
4828.206062
4828.206062
4828.206062
4828.206062
4828.206062
4828.206062
4828.206062
4828.206062
4828.206062
4828.206062
4828.206062
4828.206062
4828.206062
4828.206062
4828.206062
4828.206062
4828.206062
4828.206062
4828.206062
4828.206062
4828.206062
4828.206062
4828.206062
4828.206062
4828.206062
4828.206062
4828.206062
4828.206062
4828.206062
4828.206062
4828.206062
4828.206062
4828.206062
4828.206062
4828.206062
4828.206062
4828.206062
4828.206062
4828.206062
4828.206062
4828.206062
4828.206062
4828.206062
4828.206062
4828.206062
4828.206062
4828.206062
4828.206062
4828.206062
4828.206062
4828.206062
4828.206062
4828.206062
4828.206062
4828.206062
4828.206062
4828.206062
4828.206062
4828.206062
4828.206062
4828.206062
4828.206062
4828.206062
4828.206062
4828.206062
4828.206062
