6 24 10 16 29 27 3 28 20 8 5 25 9 19 15 1 7 13 17 21 14 2 0 4 12 18 22 26 23 11 
6 24 10 16 29 27 3 28 20 8 5 25 9 19 15 1 7 13 17 21 14 2 4 0 12 18 22 26 23 11 
11 23 26 22 18 12 4 0 2 14 21 17 13 7 1 15 19 9 25 5 8 20 28 3 27 29 16 10 24 6 
6 24 10 16 29 27 3 28 8 20 5 25 9 15 1 19 7 13 17 12 4 2 0 14 21 18 22 26 23 11 
6 24 10 16 29 27 3 28 20 8 5 25 9 19 15 1 17 14 0 7 13 21 2 4 12 18 22 26 23 11 
6 24 10 16 29 27 3 28 20 8 5 25 9 15 1 19 7 13 17 21 14 2 0 4 12 18 22 26 23 11 
6 24 10 16 29 27 3 28 20 8 5 25 9 19 15 1 7 0 14 17 13 21 2 4 12 18 22 26 23 11 
6 24 10 29 16 27 3 5 25 28 20 8 9 19 15 1 7 13 17 21 14 2 0 4 12 18 22 23 26 11 
6 24 10 16 29 27 3 28 20 8 5 25 9 19 15 1 7 13 17 21 14 2 0 4 12 18 22 26 23 11 
6 24 10 16 29 27 23 26 22 18 12 4 0 2 14 21 17 13 19 9 25 5 20 28 8 15 1 7 3 11 
6 24 10 16 29 27 3 28 20 8 5 25 9 19 15 1 7 13 17 21 14 2 0 4 12 18 22 26 23 11 
6 24 10 16 29 27 3 28 20 8 5 25 9 19 15 1 7 13 17 21 14 2 0 4 12 18 22 26 23 11 
6 24 10 16 29 27 3 28 8 20 5 25 9 19 15 1 7 13 17 21 14 2 0 4 12 18 22 26 23 11 
6 24 10 16 29 27 3 28 20 8 5 25 9 19 15 1 7 0 14 17 13 21 2 4 12 18 22 26 23 11 
6 24 10 16 29 27 3 28 8 20 5 25 9 15 1 19 7 13 17 21 14 2 0 4 12 18 22 26 23 11 
6 24 10 16 29 27 3 28 20 8 5 25 9 19 15 1 7 13 17 21 14 2 0 4 12 18 22 26 23 11 
6 24 10 16 29 27 3 28 20 8 5 25 9 19 15 1 7 13 17 21 14 2 0 4 12 18 22 26 23 11 
6 24 10 16 29 27 3 28 20 8 5 25 9 19 15 1 7 13 17 21 14 2 4 0 12 18 22 26 23 11 
6 24 10 16 29 27 3 28 20 8 5 15 1 7 19 9 25 13 17 21 14 2 0 4 12 18 22 26 23 11 
6 24 10 16 29 27 3 28 20 8 5 25 9 19 15 1 7 13 17 0 2 14 21 4 12 18 22 26 23 11 
6 24 10 16 29 27 3 20 28 8 5 25 9 19 15 1 7 13 2 14 21 17 0 4 12 18 22 26 23 11 
6 24 10 16 29 27 3 28 20 8 5 25 9 19 15 1 7 13 17 21 14 2 0 4 12 18 22 26 23 11 
11 23 26 22 18 12 4 0 2 14 21 17 13 7 1 15 19 9 25 5 8 20 28 3 27 29 16 10 24 6 
6 24 10 16 29 27 3 28 20 5 25 9 19 8 15 1 7 13 17 21 14 2 0 4 12 18 22 26 23 11 
11 23 26 22 18 12 4 0 2 14 21 17 13 7 1 15 19 9 5 25 8 20 28 3 27 29 16 10 24 6 
6 24 10 16 29 27 3 28 20 8 5 25 9 19 15 1 7 13 17 21 14 2 0 4 12 18 22 26 23 11 
6 16 27 29 3 28 20 8 5 25 9 19 15 1 7 13 17 21 14 2 0 4 12 18 22 26 23 10 24 11 
6 24 10 16 29 27 3 28 8 20 5 25 9 19 15 1 7 13 17 21 14 2 0 4 12 18 22 26 23 11 
6 24 10 29 16 27 3 5 28 20 8 25 9 19 15 1 7 13 17 21 14 2 0 4 12 18 22 26 23 11 
6 24 10 16 29 27 3 28 20 8 5 15 1 7 19 9 25 13 17 21 14 2 0 4 12 18 22 26 23 11 
6 24 10 16 29 27 3 20 8 28 5 25 9 19 15 1 7 13 17 21 14 2 0 4 12 18 22 26 23 11 
6 24 10 29 16 27 3 28 20 8 5 25 9 19 15 1 7 13 17 21 14 2 0 4 12 18 22 26 23 11 
6 24 10 16 29 27 3 28 20 8 25 5 9 19 15 1 7 13 17 21 14 2 0 4 12 18 22 23 11 26 
6 24 10 16 29 27 3 28 20 8 5 25 9 19 15 1 7 13 17 21 0 14 2 4 12 18 22 26 23 11 
6 24 10 16 29 27 3 28 20 5 8 25 9 19 15 1 7 13 17 21 14 2 0 4 12 18 22 26 23 11 
6 24 10 16 29 27 3 28 20 8 5 15 1 7 19 9 25 13 17 21 14 2 0 4 12 18 22 26 23 11 
6 24 10 16 29 27 3 20 28 8 5 25 9 19 15 1 7 13 17 21 14 2 0 4 12 18 22 23 26 11 
6 24 10 29 16 27 3 28 20 8 5 25 9 19 15 1 7 13 17 21 14 2 0 4 12 18 22 26 23 11 
6 24 10 16 29 27 3 28 20 8 5 25 9 19 15 1 7 13 21 14 2 0 4 12 18 22 17 26 23 11 
6 24 16 29 10 27 3 28 20 8 5 25 9 19 15 1 7 13 17 21 14 2 0 4 12 18 22 26 23 11 
6 24 10 16 29 27 3 20 28 8 5 25 9 19 15 1 7 13 17 21 14 2 0 4 12 18 22 26 23 11 
6 24 10 16 29 27 3 28 20 8 5 25 9 15 1 19 7 13 17 21 14 2 0 4 12 18 22 26 23 11 
6 24 10 16 29 27 3 28 20 8 5 25 9 19 15 1 7 13 17 21 14 2 0 4 12 18 22 23 26 11 
6 24 10 16 29 27 3 28 20 5 8 25 9 19 15 1 7 13 17 21 14 0 2 4 12 18 22 26 23 11 
6 24 10 16 29 27 3 28 20 8 5 25 9 19 15 1 7 13 17 21 14 2 0 4 12 18 22 26 23 11 
6 24 10 16 29 27 3 20 28 8 5 25 9 19 15 1 7 13 17 21 14 2 0 4 12 18 22 26 23 11 
6 24 10 16 29 27 3 28 20 8 5 25 9 19 15 1 7 13 17 14 21 2 0 4 12 18 22 26 23 11 
6 24 10 16 29 28 3 27 20 8 5 25 9 19 15 1 7 0 14 17 13 21 2 4 12 18 22 26 23 11 
6 24 10 29 16 27 3 5 28 20 8 25 9 19 15 1 7 13 17 21 14 2 0 4 12 18 22 23 26 11 
6 24 16 10 29 27 3 20 28 8 5 25 9 19 15 1 7 13 17 21 14 2 0 4 12 18 22 26 23 11 
