4498.781049
4360.398674
4770.238320
4360.398674
5061.220132
4360.398674
4820.007091
4410.179612
4410.179612
4360.398674
4360.398674
4360.398674
4360.398674
5083.536829
4392.778864
4803.596156
4449.629918
4430.717593
4370.530379
4360.398674
5110.279795
4964.201177
4392.778864
4994.236241
4360.398674
4523.816778
5243.211973
4360.398674
5410.724524
4398.337403
4360.398674
4430.883534
4753.796369
4430.883534
5045.598100
4917.361964
5666.648999
4360.398674
4360.398674
4360.398674
5396.978925
5868.096034
4360.398674
4360.398674
4392.778864
4430.717593
4561.300066
4434.529535
5264.537299
4410.179612
