6 24 10 16 29 27 3 28 20 8 5 1 15 7 25 19 9 13 17 21 14 2 0 4 12 18 22 26 23 11 
6 24 10 16 29 27 3 28 20 8 5 25 1 15 7 19 9 13 17 21 14 2 0 4 12 18 22 26 23 11 
6 24 10 16 29 27 3 15 1 25 5 8 20 28 7 19 9 13 17 21 14 2 0 4 12 18 22 26 23 11 
11 23 26 22 18 12 4 0 2 14 21 17 13 9 19 7 15 1 25 5 8 20 28 3 27 29 16 10 24 6 
6 24 10 16 29 27 3 28 20 8 5 25 13 7 9 19 1 15 17 21 14 2 0 4 12 18 22 26 23 11 
6 24 10 16 29 27 3 28 20 8 5 25 1 15 7 19 9 13 17 21 14 2 0 4 12 18 22 26 23 11 
6 24 10 29 27 3 28 20 8 5 16 25 1 15 7 19 9 13 17 21 14 2 0 4 12 18 22 26 23 11 
6 24 10 16 29 27 3 28 20 8 5 25 1 15 19 7 9 13 17 21 14 2 0 4 12 18 22 26 23 11 
6 24 10 16 29 27 3 28 20 8 5 25 1 15 19 7 9 13 17 21 14 2 0 4 12 18 22 26 23 11 
6 24 10 16 29 27 3 28 20 8 5 25 1 15 7 19 9 13 17 21 14 2 0 4 12 18 22 26 23 11 
6 24 10 16 29 27 3 28 20 8 5 25 1 15 7 19 9 13 17 21 14 2 0 4 12 18 22 26 23 11 
6 24 10 16 29 27 3 28 20 8 5 25 1 15 7 19 9 13 17 21 14 2 0 4 12 18 22 26 23 11 
6 24 10 16 29 27 3 28 20 8 5 25 1 15 7 19 9 13 17 21 14 2 0 4 12 18 22 26 23 11 
6 24 29 27 3 28 20 8 5 16 10 25 1 15 7 19 9 13 17 21 14 2 0 4 12 18 22 26 11 23 
11 23 26 22 18 12 4 0 2 14 21 17 13 9 19 7 1 15 25 5 8 20 28 3 27 29 16 10 24 6 
11 23 26 22 18 12 4 0 2 14 21 17 13 9 19 7 15 1 25 5 8 20 28 3 29 16 24 10 27 6 
11 23 26 22 18 12 4 0 2 14 21 17 13 9 7 19 1 15 25 5 8 20 28 3 27 29 16 10 24 6 
6 24 10 16 29 27 3 28 20 8 5 25 15 1 7 19 9 13 17 21 14 2 0 4 12 18 22 26 11 23 
6 24 10 16 29 27 3 28 20 8 5 1 15 7 19 25 9 13 17 21 14 2 0 4 12 18 22 26 23 11 
6 24 10 16 29 27 3 28 20 8 5 25 1 15 7 19 9 13 17 21 14 2 0 4 12 18 22 26 23 11 
6 24 10 16 29 27 3 28 8 5 20 17 25 1 15 7 19 9 13 21 14 2 0 4 12 18 22 26 23 11 
6 24 29 27 3 28 20 16 10 8 5 25 1 15 7 19 9 13 17 21 14 2 0 4 12 18 22 26 23 11 
6 24 10 16 29 27 3 28 20 8 5 25 15 1 7 19 9 13 17 21 14 2 0 4 12 18 22 26 23 11 
6 24 26 22 18 12 4 0 2 14 21 17 13 9 19 7 15 1 25 5 8 20 28 10 16 29 27 3 23 11 
6 24 10 16 29 27 3 28 20 8 5 25 1 15 7 19 9 13 17 21 14 2 0 4 12 18 22 26 23 11 
11 23 26 22 18 12 4 0 2 14 21 17 13 9 19 7 15 1 25 20 5 8 28 3 27 29 16 10 6 24 
6 24 10 16 29 27 3 28 20 8 5 1 15 7 19 9 25 13 17 21 14 2 0 4 12 18 26 22 23 11 
6 24 10 16 29 27 3 28 20 8 5 25 1 15 7 19 9 13 17 21 14 2 0 4 12 18 22 26 23 11 
11 23 26 22 18 12 3 28 20 8 5 25 1 15 7 19 9 13 4 0 2 14 21 17 27 29 16 10 24 6 
23 11 26 22 18 12 4 0 2 14 21 17 13 9 19 7 15 1 25 5 8 20 28 3 27 29 16 10 24 6 
6 24 10 16 29 27 3 28 20 8 5 25 1 15 7 19 9 13 17 21 14 2 0 4 12 18 22 26 23 11 
6 24 10 16 29 27 3 28 8 5 20 25 1 15 7 19 9 13 17 21 14 2 0 4 12 18 22 26 23 11 
11 23 26 22 18 12 4 0 2 14 21 17 13 9 19 7 15 1 25 5 8 27 3 28 20 29 16 10 24 6 
6 24 10 16 29 27 3 28 8 5 20 25 1 15 7 19 9 13 17 21 14 2 0 4 12 18 22 26 23 11 
6 24 29 27 3 28 20 8 5 16 10 25 1 15 7 19 9 13 17 21 14 2 0 4 12 18 22 26 23 11 
6 24 10 16 29 27 3 28 20 8 5 25 1 15 13 9 7 19 17 21 14 2 0 4 12 18 22 26 23 11 
11 8 20 28 3 27 29 16 10 24 5 25 1 15 7 19 9 13 17 21 14 2 0 4 12 18 22 26 23 6 
6 24 10 16 29 27 3 28 20 8 5 25 1 15 7 19 9 13 17 21 14 2 0 4 12 18 22 26 23 11 
6 24 10 16 29 27 3 28 20 8 5 25 1 15 7 19 9 13 17 21 14 2 0 4 12 18 22 26 23 11 
6 24 10 16 29 27 3 28 20 8 5 25 1 15 7 19 9 13 17 21 14 2 0 4 12 18 22 26 23 11 
6 24 10 16 27 3 28 29 20 8 5 25 1 15 13 9 7 19 17 21 14 2 0 4 12 18 22 26 23 11 
6 24 10 16 29 27 3 28 2 14 21 17 13 9 7 19 15 20 8 5 25 1 0 4 12 18 22 26 23 11 
6 24 10 16 29 27 3 28 20 8 5 25 1 15 7 19 9 13 17 21 14 2 0 4 12 18 22 26 23 11 
11 23 26 22 18 12 4 0 2 14 21 17 13 9 19 7 15 1 25 5 8 20 28 3 27 29 16 10 24 6 
6 24 10 16 29 27 3 28 20 8 5 25 15 1 7 19 9 13 17 21 14 2 0 4 12 18 22 26 23 11 
6 24 10 16 29 27 3 28 20 8 5 25 15 1 7 19 9 13 17 21 14 2 0 4 12 18 22 26 11 23 
6 24 10 16 29 27 3 28 20 8 5 25 1 15 7 19 9 14 21 17 13 2 0 4 12 18 22 26 23 11 
11 23 26 22 18 12 4 0 2 14 21 17 13 9 19 7 15 1 25 20 8 5 28 3 27 29 16 10 24 6 
6 24 26 22 18 12 4 0 2 14 21 17 13 7 9 19 15 1 25 5 8 20 28 3 27 29 10 16 23 11 
6 24 10 16 29 27 3 28 20 8 5 25 1 15 19 7 9 13 17 21 14 2 0 4 12 18 22 26 23 11 
