4793.748588
4793.748588
4793.748588
4793.748588
4807.678051
4807.678051
4807.678051
4807.678051
4807.678051
4807.678051
4807.678051
4807.678051
4807.678051
4807.678051
4807.678051
4807.678051
4807.678051
4807.678051
4807.678051
4807.678051
4807.678051
4807.678051
4807.678051
4807.678051
4807.678051
4807.678051
4807.678051
4807.678051
4807.678051
4807.678051
4807.678051
4807.678051
4807.678051
4807.678051
4807.678051
4807.678051
4807.678051
4807.678051
4807.678051
4807.678051
4807.678051
4807.678051
4807.678051
4807.678051
4807.678051
4807.678051
4807.678051
4807.678051
4807.678051
4807.678051
4807.678051
4807.678051
4807.678051
4807.678051
4807.678051
4807.678051
4807.678051
4807.678051
4807.678051
4807.678051
4807.678051
4807.678051
4807.678051
4807.678051
4807.678051
4807.678051
4807.678051
4807.678051
4807.678051
4807.678051
4807.678051
4807.678051
4807.678051
4807.678051
4807.678051
4807.678051
4807.678051
4807.678051
4807.678051
4807.678051
4807.678051
4807.678051
4807.678051
4807.678051
4807.678051
4807.678051
4807.678051
4823.660706
4823.660706
4823.660706
4823.660706
4823.660706
4823.660706
4823.660706
4823.660706
4823.660706
4823.660706
4823.660706
4823.660706
4823.660706
