4413.960396
4421.030512
4410.179612
4608.082181
4631.562320
4410.179612
5515.170191
4713.766683
4410.179612
4899.665588
4562.099865
5507.532098
5365.729964
4448.118341
4451.430597
4360.398674
4535.667853
4445.039742
4410.179612
4410.179612
4929.523148
4451.968437
4461.536992
4929.523148
4410.179612
4549.379301
5535.556771
4612.622819
4451.899125
4697.047261
4542.737969
4410.179612
4707.818497
4458.500713
4468.607108
4410.179612
4495.028886
4413.960396
4410.179612
4672.515698
4360.398674
4410.179612
4410.179612
4410.179612
4360.398674
4666.640954
4413.960396
4523.760779
4410.179612
5414.028467
