6 24 10 16 29 27 3 28 20 8 5 25 19 15 1 7 9 13 17 21 14 2 0 4 12 18 22 26 23 11 
6 24 10 16 29 27 3 28 20 8 5 25 19 1 15 7 9 13 17 21 14 2 0 4 12 18 22 26 23 11 
6 24 10 16 29 27 3 28 20 8 5 25 1 15 19 7 9 13 17 21 14 2 0 4 12 18 22 26 23 11 
6 24 10 16 29 3 27 28 20 8 5 25 1 15 19 7 9 13 17 21 14 2 0 4 12 18 22 26 11 23 
6 24 10 16 29 27 3 28 20 8 5 19 7 25 15 1 9 13 17 21 14 2 0 4 12 18 22 26 23 11 
6 24 10 16 29 27 3 28 20 8 5 25 1 15 19 7 9 13 17 21 14 2 0 4 12 18 22 26 23 11 
6 24 3 27 29 10 28 20 8 5 16 19 15 1 7 25 9 13 17 21 2 0 4 12 14 18 22 26 23 11 
6 23 26 22 18 12 4 0 2 14 21 17 13 9 25 7 1 15 19 5 8 20 28 3 27 29 16 10 24 11 
6 24 10 16 29 27 3 28 20 8 5 25 1 15 19 7 9 13 17 21 14 2 0 4 12 18 22 26 23 11 
6 24 10 16 29 27 3 28 20 8 5 25 1 9 7 19 15 13 17 21 14 2 0 4 12 18 22 26 23 11 
6 24 10 16 29 27 3 28 20 8 5 25 1 15 7 19 9 13 17 21 14 2 0 4 12 22 18 26 23 11 
11 24 10 16 29 27 3 28 20 8 5 25 1 15 7 19 9 23 26 22 18 12 4 0 2 14 21 17 13 6 
6 24 10 16 29 18 12 4 0 2 14 21 17 13 9 7 1 15 19 25 5 8 20 28 3 27 22 26 23 11 
6 24 10 16 29 27 3 28 20 8 5 25 1 15 19 7 9 13 17 21 14 2 0 4 12 18 22 26 11 23 
6 24 10 16 29 27 3 28 20 8 5 19 15 1 7 25 9 13 17 21 14 2 0 4 12 18 22 26 23 11 
6 24 10 16 29 27 3 28 20 8 5 25 1 15 7 19 9 13 17 21 14 2 0 4 12 18 22 26 23 11 
6 24 10 16 29 27 3 28 5 8 20 25 9 19 15 1 7 13 17 21 14 2 0 4 12 18 22 26 23 11 
6 24 10 16 29 27 3 28 20 5 8 25 19 1 15 7 9 13 17 21 14 2 0 4 12 18 22 26 23 11 
6 24 10 16 29 27 3 28 20 8 5 25 1 15 19 7 9 13 17 21 14 2 0 4 12 18 22 26 23 11 
6 24 10 16 29 27 3 28 20 8 5 25 1 15 19 7 9 13 17 21 14 2 0 4 12 18 22 26 23 11 
6 24 10 16 29 27 3 28 20 8 5 25 1 15 19 7 17 13 9 21 14 2 0 4 12 18 22 26 11 23 
6 24 10 29 16 27 3 28 20 8 5 25 19 1 15 7 9 13 17 21 14 2 0 4 12 18 22 26 23 11 
6 24 10 16 29 27 3 28 20 8 5 25 9 19 15 1 7 13 17 21 14 2 0 4 12 18 22 26 23 11 
6 24 10 16 29 27 3 28 20 8 5 25 1 15 19 7 17 13 9 21 14 2 0 4 12 18 22 26 11 23 
6 24 10 16 29 27 3 28 20 8 5 25 1 15 19 7 9 13 17 21 14 2 0 4 12 18 22 26 23 11 
6 24 10 16 29 27 3 28 20 8 5 25 1 15 19 7 9 17 13 21 14 2 0 4 12 18 22 26 23 11 
6 24 10 16 29 27 3 28 20 8 5 25 1 15 19 18 12 4 0 2 14 21 17 13 9 7 22 26 23 11 
6 24 10 16 29 27 3 28 20 8 5 25 1 15 9 19 7 13 17 21 14 2 0 4 12 18 22 26 23 11 
6 24 10 16 29 27 3 28 20 8 5 25 19 15 1 7 9 13 17 21 14 2 0 4 12 18 22 26 11 23 
29 16 10 24 6 27 3 28 20 8 5 25 19 1 15 7 9 13 17 21 14 2 0 4 12 18 22 26 23 11 
6 24 10 16 29 27 3 28 5 8 20 25 9 19 1 15 7 13 17 21 14 2 0 4 12 18 22 26 23 11 
6 24 10 16 29 27 3 28 20 8 5 25 1 15 19 7 9 13 17 21 14 2 0 4 12 18 22 26 23 11 
6 24 10 16 29 27 3 28 20 8 5 19 7 25 9 15 1 13 17 21 14 2 0 4 12 18 22 26 23 11 
6 24 10 16 29 27 3 28 20 8 5 19 1 15 7 25 9 13 17 21 14 2 0 4 12 18 22 26 23 11 
6 24 10 16 29 27 3 28 20 8 5 25 9 19 1 15 7 13 17 21 14 2 0 4 12 18 22 26 23 11 
6 24 10 16 29 27 3 28 20 8 5 25 1 15 19 7 9 13 17 21 14 2 0 4 12 18 22 26 23 11 
6 24 10 16 29 27 3 28 20 8 5 25 9 7 19 1 15 13 17 21 14 2 0 4 12 18 22 26 23 11 
6 24 10 16 29 27 3 28 20 8 5 25 19 15 1 7 9 13 17 21 14 2 0 4 12 18 22 26 23 11 
6 24 10 16 29 27 3 28 20 8 5 25 1 15 19 7 9 13 17 21 14 2 0 4 12 18 22 26 23 11 
11 24 10 16 29 27 3 28 20 8 5 25 1 15 19 7 9 13 17 21 14 2 0 4 12 18 22 26 23 6 
11 23 26 22 18 12 4 0 2 14 21 17 13 9 19 7 15 1 25 5 8 20 28 3 27 29 16 10 24 6 
6 24 10 16 29 27 3 28 20 8 5 25 1 15 19 7 9 13 17 21 14 2 0 4 12 18 22 26 23 11 
6 24 10 16 29 27 3 28 20 8 5 25 1 15 19 7 9 13 17 21 14 2 0 4 12 18 22 26 23 11 
6 24 10 16 29 27 3 28 20 8 5 25 1 15 19 7 9 13 17 21 14 2 0 4 12 18 22 26 23 11 
6 24 10 16 29 27 3 28 20 8 5 25 1 15 7 19 9 13 17 21 14 2 0 4 12 18 22 26 23 11 
26 11 23 22 18 12 4 0 2 14 21 17 13 9 25 7 1 15 19 5 8 20 28 3 27 29 16 10 24 6 
6 24 10 16 29 27 3 28 20 8 5 25 19 15 1 7 9 13 17 21 14 2 0 4 12 18 22 26 23 11 
6 24 10 16 29 27 3 28 5 8 20 25 15 1 19 7 9 13 17 21 14 2 0 4 12 18 22 26 23 11 
6 24 10 16 29 27 3 28 20 8 5 25 1 15 19 7 9 13 17 21 14 2 0 4 12 18 22 26 23 11 
9 25 7 1 15 19 5 8 20 28 3 27 29 16 10 24 6 13 17 21 14 2 0 4 12 18 22 26 23 11 
