4743.787058
5316.023291
4639.181047
4461.536992
4687.586531
4961.849526
4461.536992
5138.438296
5865.526617
4461.536992
4563.261536
4461.536992
4461.536992
4676.747349
4563.261536
4639.158552
5674.807783
4712.561120
4822.274448
4733.424478
4461.536992
4662.456552
4500.597232
4461.536992
5213.592290
4461.536992
4461.536992
4695.485749
4535.667853
5449.480811
4621.354888
4461.536992
5286.633110
4461.536992
5421.615785
4472.982814
4689.898228
4854.934687
4627.193721
5189.085027
4636.834475
4553.397751
5113.511278
4747.369324
4910.087798
5831.458384
4667.772400
4593.758404
4461.536992
4728.307470
