6 24 10 16 29 27 3 20 8 28 5 25 9 19 15 1 7 13 17 0 2 14 21 4 12 18 22 26 23 11 
6 24 10 16 29 13 7 1 15 19 9 25 5 8 20 28 3 27 17 21 14 2 0 4 12 18 22 26 23 11 
24 6 10 16 29 27 3 28 20 8 5 25 9 19 15 1 7 13 17 21 14 2 0 4 12 18 22 26 11 23 
11 23 26 22 18 12 4 0 2 14 21 17 13 7 1 15 19 9 25 5 8 20 28 3 27 29 16 10 24 6 
11 23 26 22 18 12 4 0 2 14 21 17 13 7 19 1 15 9 25 8 28 20 5 3 27 29 16 10 24 6 
6 24 10 16 29 27 3 19 9 25 5 8 28 20 15 1 7 13 17 21 14 2 0 4 18 12 22 26 23 11 
6 24 10 16 29 27 3 28 20 8 5 25 9 19 15 1 7 13 17 21 14 2 0 4 12 18 22 26 23 11 
11 23 26 22 18 12 4 0 2 14 1 15 7 13 17 21 19 9 25 5 8 28 20 3 27 29 16 10 24 6 
11 23 7 1 15 19 9 25 5 8 28 20 3 27 29 16 10 13 17 21 14 2 0 4 18 12 22 26 24 6 
6 24 10 16 29 27 3 28 20 8 5 25 9 19 15 1 7 13 17 21 14 2 0 4 12 18 22 26 23 11 
6 24 10 16 29 27 3 28 20 8 5 25 9 19 15 1 7 13 17 21 14 2 4 0 12 18 22 26 23 11 
6 24 10 16 29 27 3 28 20 8 5 25 9 19 15 1 7 13 17 21 14 2 0 4 12 18 22 26 23 11 
6 24 10 16 29 27 3 28 20 8 5 25 9 19 15 1 7 13 17 21 14 2 0 4 12 18 22 26 23 11 
6 24 10 16 29 27 3 28 20 8 5 25 9 19 15 1 7 13 17 21 14 2 0 4 12 18 22 23 11 26 
6 24 10 16 29 27 3 28 20 8 5 25 9 19 15 1 7 13 17 21 14 2 4 0 12 18 22 26 23 11 
6 24 10 16 29 27 3 28 20 8 5 25 9 19 15 1 7 13 17 21 14 18 12 4 0 2 22 26 23 11 
6 24 10 16 29 9 19 15 1 7 13 17 21 14 2 0 4 12 25 5 8 20 28 3 27 18 22 26 23 11 
6 24 10 16 29 27 3 28 20 8 5 25 9 19 15 1 7 13 17 21 14 4 2 0 18 12 22 26 11 23 
6 24 10 16 29 27 3 28 9 25 5 8 20 19 15 1 7 13 17 21 14 2 0 4 18 12 22 26 23 11 
26 22 12 18 4 0 2 14 21 17 13 7 1 15 19 9 25 20 8 5 28 3 27 29 16 10 24 6 23 11 
6 24 10 16 29 27 3 28 20 8 5 25 9 19 15 1 7 13 17 21 14 2 0 4 12 18 22 26 23 11 
6 24 10 16 29 27 3 28 9 25 5 8 20 19 15 1 7 13 17 21 14 2 0 4 12 18 22 26 23 11 
6 24 10 16 29 27 3 28 20 8 5 25 9 19 15 1 7 13 17 21 14 0 2 4 12 18 22 26 23 11 
6 24 10 16 29 27 3 28 20 8 5 25 9 19 15 1 7 13 17 21 14 2 0 4 12 18 22 26 23 11 
6 10 24 16 29 27 3 28 20 8 5 25 9 19 15 1 7 13 17 14 2 0 4 12 18 21 22 26 23 11 
6 24 10 16 29 27 3 28 20 8 5 25 9 19 15 1 7 13 17 21 14 2 0 4 12 18 22 26 23 11 
6 24 10 16 29 27 3 28 20 8 5 25 9 19 15 1 7 13 17 21 14 2 0 4 12 18 22 26 23 11 
6 24 10 16 29 27 3 28 5 8 20 25 9 19 15 1 7 13 17 21 14 2 0 4 18 12 22 26 23 11 
6 24 10 16 29 27 3 28 5 8 20 25 9 19 15 1 7 13 17 21 14 2 0 4 12 18 22 26 23 11 
6 24 10 16 29 27 3 28 20 8 5 9 19 15 1 7 13 17 21 14 2 0 25 4 12 18 22 26 23 11 
6 24 10 16 29 27 3 28 20 8 5 25 9 19 15 1 7 13 17 21 14 2 0 4 18 12 22 26 23 11 
11 23 26 22 18 12 4 0 2 14 21 17 13 7 1 15 19 9 25 5 8 20 28 3 27 29 16 10 24 6 
6 24 10 16 29 27 3 28 5 8 20 25 9 19 15 1 13 7 17 21 14 2 0 4 18 12 22 26 23 11 
6 24 10 16 29 27 3 28 20 8 5 25 9 19 15 1 7 13 17 21 14 2 0 4 12 18 22 26 23 11 
6 24 10 29 3 16 27 28 20 8 5 15 19 1 9 25 7 13 17 21 14 2 0 4 12 18 22 26 23 11 
6 24 10 16 29 27 3 20 28 8 5 25 9 19 15 1 7 13 17 21 14 2 0 4 12 18 22 26 23 11 
6 24 10 16 29 27 3 28 20 8 5 25 9 1 15 19 7 13 17 0 2 14 21 4 12 18 22 26 23 11 
6 24 10 16 29 20 28 3 27 8 5 25 9 19 15 1 7 13 17 21 14 2 0 4 12 18 22 26 23 11 
6 24 10 16 29 27 3 28 8 5 25 9 20 19 15 1 7 13 17 21 14 2 0 4 12 18 22 26 23 11 
6 24 10 16 29 27 3 28 20 8 5 14 25 9 19 15 1 7 13 17 21 2 4 0 12 18 22 26 23 11 
6 24 10 16 29 27 3 28 20 8 5 25 9 19 15 1 7 13 17 0 2 14 21 4 12 18 22 26 23 11 
6 24 10 16 29 27 3 28 8 20 5 25 9 19 15 1 7 13 17 21 14 2 0 4 12 18 22 26 23 11 
6 24 10 16 9 29 27 3 28 20 8 5 25 19 15 1 7 13 17 21 14 2 0 4 12 18 22 26 23 11 
6 24 10 16 29 27 3 28 8 20 5 25 9 19 15 1 7 13 21 14 17 2 0 4 12 18 22 26 23 11 
6 27 3 29 16 10 24 28 20 8 5 25 9 19 15 1 7 13 17 21 14 2 0 4 12 18 22 26 23 11 
6 24 10 16 11 27 3 28 20 8 5 25 9 29 19 15 1 7 13 17 21 14 2 0 4 12 18 22 26 23 
6 24 10 29 16 27 3 28 20 8 5 25 9 19 15 1 7 13 17 0 2 14 21 4 12 18 22 26 23 11 
6 24 10 16 29 27 3 28 20 8 5 25 9 19 15 1 7 17 21 13 14 2 0 4 12 18 22 26 23 11 
6 24 10 16 29 27 3 28 20 8 5 25 9 19 15 1 7 13 17 21 14 2 0 4 12 18 22 26 23 11 
6 24 10 16 29 27 3 20 8 28 5 25 9 19 15 1 7 13 17 21 14 2 0 4 18 12 22 26 23 11 
