4410.179612
4434.188842
4434.529535
4520.114777
4360.398674
4421.030512
4704.711026
4410.179612
5067.250074
4484.099982
4360.398674
4410.179612
4445.039742
4421.625434
4410.179612
5603.382107
4360.398674
4398.265630
4360.398674
4468.607108
4410.179612
4523.760779
4410.179612
4704.711026
4410.179612
4542.737969
4360.398674
4360.398674
4413.960396
4466.909725
5044.957383
4410.179612
4410.179612
5229.546934
4410.179612
4360.398674
4599.388132
5037.086058
4413.960396
4410.179612
4468.607108
4410.179612
4410.179612
4410.179612
4445.039742
4525.009201
4795.315843
4862.134321
4484.310473
5006.343859
